1,-1,544,147,21,50,1
1,-1,544.34,152.6,17.216,43.384,1
1,-1,542.62,153.07,17.464,42.851,1
1,-1,538.99,153.55,17.67,42.121,1
1,-1,535.62,153.29,17.815,41.886,1
1,-1,532.81,152.51,17.821,41.711,1
1,-1,529.71,151.93,17.871,41.675,1
1,-1,527.76,151.88,17.931,41.716,1
1,-1,527.52,152.02,17.864,42.168,1
1,-1,527.98,152.33,17.723,42.717,1
1,-1,528,147,21,50,1
1,-1,532.16,153.86,14.527,41.73,1
1,-1,532.33,154.07,15.005,42.163,1
1,-1,531.73,154.03,15.231,42.929,1
1,-1,531.55,153.93,15.573,43.352,1
1,-1,531.38,153.8,15.956,43.526,1
1,-1,531.37,153.86,16.308,43.836,1
1,-1,532.21,154.14,16.14,44.016,1
1,-1,533.25,154.46,16.271,43.929,1
1,-1,533.88,154.82,16.451,43.555,1
1,-1,528,151,21,50,1
1,-1,528.22,155.22,16.929,41.221,1
1,-1,526.11,155.27,16.915,41.057,1
1,-1,524.39,155.24,16.882,40.653,1
1,-1,522.4,154.61,16.756,40.738,1
1,-1,519.36,154.19,16.564,41.033,1
1,-1,516.84,153.77,16.456,41.577,1
1,-1,515.88,153.43,16.224,42.034,1
1,-1,514.97,153.45,16.282,42.423,1
1,-1,513.93,153.16,16.272,42.99,1
1,-1,508,147,21,50,1
1,-1,516,151,21,50,1
1,-1,514.47,153.02,14.759,43.647,1
1,-1,513.35,153.59,14.917,43.825,1
1,-1,512.25,154.3,15.123,43.907,1
1,-1,511.83,154.62,15.312,44.25,1
1,-1,511.23,155.06,15.425,44.145,1
1,-1,509.64,155.22,15.626,43.835,1
1,-1,507.56,155.23,15.8,43.521,1
1,-1,505.58,155.5,15.954,43.146,1
1,-1,503.3,155.95,16.005,42.965,1
1,-1,496,151,21,50,1
1,-1,493.72,156.51,18.771,40.227,1
1,-1,492.25,156.39,18.72,40.421,1
1,-1,490.22,155.89,18.686,40.73,1
1,-1,488.34,155.46,18.577,41.317,1
1,-1,487.54,155.09,18.414,41.992,1
1,-1,487.49,154.93,18.206,42.596,1
1,-1,487.16,154.8,18.053,42.94,1
1,-1,486.68,154.49,17.782,43.425,1
1,-1,486.06,154.55,17.68,43.654,1
2,-1,872,207,21,50,1
2,-1,873.01,212.23,18.623,42.902,1
2,-1,871.61,212.6,18.433,43.415,1
2,-1,868.3,213.29,18.191,43.592,1
2,-1,865.16,213.29,18.034,43.605,1
2,-1,862.56,212.57,17.926,43.219,1
2,-1,859.71,212.24,17.887,42.851,1
2,-1,858.12,212.2,17.821,42.61,1
2,-1,858.23,212.61,17.843,42.646,1
2,-1,858.9,213.34,17.763,42.328,1
2,-1,856,211,21,50,1
2,-1,859.27,214.35,16.385,44.502,1
2,-1,859.74,214.58,16.287,45.136,1
2,-1,859.52,214.69,16.139,45.987,1
2,-1,859.63,214.71,16.101,46.893,1
2,-1,859.79,214.7,16.049,47.38,1
2,-1,860.13,214.39,16.066,48.477,1
2,-1,861.11,214.2,16.208,49.285,1
2,-1,862.77,214.07,16.261,49.98,1
2,-1,863.71,214,16.319,50.081,1
2,-1,860,211,21,50,1
2,-1,862.43,215.38,15.123,43.597,1
2,-1,860.47,215.35,15.031,43.435,1
2,-1,858.94,215.04,14.888,43.069,1
2,-1,857.03,214.86,14.759,42.684,1
2,-1,853.96,214.72,14.685,42.447,1
2,-1,851.41,214.77,14.558,42.186,1
2,-1,850.36,214.62,14.548,42.211,1
2,-1,849.7,214.76,14.48,42.524,1
2,-1,848.96,215.07,14.31,42.714,1
2,-1,843,209,23,55,1
2,-1,847.89,209.85,15.659,50.975,1
2,-1,847.32,209.99,15.596,51.333,1
2,-1,846.58,210.63,15.587,52.026,1
2,-1,846.52,210.82,15.463,52.886,1
2,-1,846.26,210.83,15.329,53.666,1
2,-1,845.07,210.86,15.205,54.124,1
2,-1,843.4,211.19,15.056,54.171,1
2,-1,841.88,211.73,14.935,54.01,1
2,-1,840.16,212.24,14.857,53.75,1
2,-1,836,215,21,50,1
2,-1,834.64,218.43,18.607,43.753,1
2,-1,833.6,218.55,18.452,43.657,1
2,-1,831.94,218.66,18.349,43.512,1
2,-1,830.41,218.58,18.328,43.597,1
2,-1,829.68,218.39,18.269,43.941,1
2,-1,829.68,218.04,18.303,44.672,1
2,-1,829.47,217.77,18.233,45.109,1
2,-1,829.02,217.69,18.135,45.709,1
2,-1,828.44,217.57,18.028,46.301,1
3,-1,1012,191,21,50,1
3,-1,1015.1,195.17,13.735,41.758,1
3,-1,1014,195.52,13.764,41.699,1
3,-1,1010.9,196.12,13.728,41.683,1
3,-1,1008.1,196.16,13.736,41.841,1
3,-1,1005.7,195.34,13.796,42.106,1
3,-1,1003,194.69,13.805,42.594,1
3,-1,1001.7,194.43,13.848,42.883,1
3,-1,1002,194.67,13.803,43.164,1
3,-1,1002.9,195.19,13.904,43.552,1
3,-1,1000,191,21,50,1
3,-1,1005.4,195.46,15.449,40.072,1
3,-1,1006.1,196.04,15.518,40.346,1
3,-1,1006.1,196.27,15.559,40.958,1
3,-1,1006.5,196.99,15.542,40.827,1
3,-1,1006.8,197.05,15.505,40.919,1
3,-1,1007.4,197.02,15.466,40.812,1
3,-1,1008.7,197.22,15.532,40.485,1
3,-1,1010.7,197.38,15.485,40.368,1
3,-1,1011.9,197.4,15.304,40.341,1
3,-1,1004,191,23,55,1
3,-1,1007.7,198.05,15.003,41.765,1
3,-1,1005.8,197.79,14.85,42.044,1
3,-1,1004.4,197.21,14.7,42.603,1
3,-1,1002.6,196.71,14.692,43.275,1
3,-1,999.52,196.4,14.658,43.547,1
3,-1,996.99,196.24,14.712,43.838,1
3,-1,996.21,195.97,14.669,43.928,1
3,-1,995.67,195.87,14.797,44.185,1
3,-1,995.25,196.22,14.651,44.24,1
3,-1,992,191,21,50,1
3,-1,994.48,195.96,15.453,41.018,1
3,-1,994.09,196.28,15.441,40.823,1
3,-1,993.7,196.75,15.441,40.774,1
3,-1,993.95,197.47,15.434,40.661,1
3,-1,994.02,197.55,15.401,40.522,1
3,-1,993.09,197.63,15.365,40.4,1
3,-1,991.69,197.83,15.347,40.363,1
3,-1,990.4,198.16,15.438,40.38,1
3,-1,988.78,198.43,15.43,40.647,1
3,-1,982,191,23,55,1
3,-1,985.82,191.44,14.862,48.65,1
3,-1,984.78,191.45,14.954,49.038,1
3,-1,983.3,191.37,14.979,49.286,1
3,-1,981.92,191.27,15.073,49.884,1
3,-1,981.35,191.12,15.086,50.207,1
3,-1,981.56,190.86,15.126,50.469,1
3,-1,981.39,190.63,15.217,50.891,1
3,-1,981.1,190.61,15.31,51.476,1
3,-1,980.61,190.75,15.225,51.607,1
4,-1,1088,159,21,50,1
4,-1,1091.9,161.92,16.038,43.01,1
4,-1,1090.7,162.36,15.883,42.668,1
4,-1,1087.6,163.13,15.752,42.369,1
4,-1,1084.6,163.34,15.718,42.373,1
4,-1,1082.2,162.65,15.459,42.44,1
4,-1,1079.5,162.02,15.265,42.493,1
4,-1,1077.9,161.67,15.276,42.668,1
4,-1,1078.2,161.91,15.19,42.699,1
4,-1,1079,162.44,15.021,42.536,1
4,-1,1076,159,21,50,1
4,-1,1081.5,164.48,15.821,39.611,1
4,-1,1082.3,164.58,15.713,40.046,1
4,-1,1082.2,164.88,15.579,40.322,1
4,-1,1082.5,165.38,15.492,40.45,1
4,-1,1082.7,165.5,15.497,40.407,1
4,-1,1083.4,165.35,15.371,40.454,1
4,-1,1084.8,165.45,15.425,40.413,1
4,-1,1086.7,165.55,15.412,40.487,1
4,-1,1087.7,165.36,15.401,40.581,1
4,-1,1092,139,21,50,1
4,-1,1108,143,21,50,1
4,-1,1106.9,149.44,13.593,37.351,1
4,-1,1104.9,149.25,13.469,37.635,1
4,-1,1103.4,148.77,13.374,37.806,1
4,-1,1101.4,148.54,13.283,37.826,1
4,-1,1098.3,148.3,13.274,37.713,1
4,-1,1095.7,148.24,13.289,37.644,1
4,-1,1094.7,147.96,13.317,37.853,1
4,-1,1094.1,147.78,13.255,37.962,1
4,-1,1093.4,148.12,13.224,37.882,1
4,-1,1076,139,21,50,1
4,-1,1076.2,141.86,17.675,44.526,1
4,-1,1075.6,141.87,17.671,44.838,1
4,-1,1075,142.35,17.581,45.196,1
4,-1,1075.3,142.53,17.521,45.61,1
4,-1,1075.2,142.52,17.504,45.62,1
4,-1,1074.2,142.4,17.404,45.628,1
4,-1,1072.6,142.36,17.27,45.589,1
4,-1,1071.2,142.69,17.249,45.477,1
4,-1,1069.5,142.76,17.141,45.617,1
4,-1,1076,143,21,50,1
4,-1,1073.6,146.3,18.449,41.151,1
4,-1,1072.4,146.21,18.474,41.239,1
4,-1,1070.6,146.15,18.464,41.395,1
4,-1,1069.1,146.06,18.321,41.637,1
4,-1,1068.5,145.88,18.269,41.839,1
4,-1,1068.6,145.41,18.191,42.269,1
4,-1,1068.3,145.14,18.042,42.405,1
4,-1,1068,144.74,17.74,42.963,1
4,-1,1067.4,144.68,17.608,43.529,1
5,-1,1108,139,21,50,1
5,-1,1109.2,142.69,17.727,43.241,1
5,-1,1107.6,142.99,17.903,43.34,1
5,-1,1104.5,143.61,17.659,43.518,1
5,-1,1101.3,143.67,17.781,43.903,1
5,-1,1098.6,142.86,17.897,44.128,1
5,-1,1095.6,142.04,18.005,44.309,1
5,-1,1093.8,141.61,18.229,44.285,1
5,-1,1093.9,141.9,18.449,44.367,1
5,-1,1094.4,142.21,18.561,44.864,1
5,-1,1088,139,21,50,1
5,-1,1096,139,21,50,1
5,-1,1098.3,148.34,18.743,37.421,1
5,-1,1099,148.61,18.743,37.4,1
5,-1,1098.7,148.85,18.79,37.513,1
5,-1,1098.9,149.24,18.688,37.809,1
5,-1,1099.2,149.22,18.6,38.123,1
5,-1,1099.7,148.88,18.479,38.432,1
5,-1,1101.2,148.77,18.188,38.768,1
5,-1,1103,148.62,17.937,38.924,1
5,-1,1104,148.39,17.765,39.141,1
5,-1,1100,139,21,50,1
5,-1,1099.7,143.2,17.552,43.587,1
5,-1,1097.8,142.91,17.537,43.975,1
5,-1,1096.3,142.38,17.355,44.193,1
5,-1,1094.4,141.96,17.285,44.41,1
5,-1,1091.2,141.68,17.266,44.329,1
5,-1,1088.7,141.56,17.193,44.325,1
5,-1,1087.7,141.2,17.201,44.617,1
5,-1,1087.2,140.98,17.052,44.765,1
5,-1,1086.4,141.24,17.024,44.764,1
5,-1,1084,139,21,50,1
5,-1,1083.9,141.86,17.248,44.382,1
5,-1,1083.4,141.87,17.123,44.766,1
5,-1,1082.6,142.35,17.192,45.059,1
5,-1,1082.9,142.53,17.107,45.401,1
5,-1,1082.9,142.52,17.074,45.526,1
5,-1,1081.6,142.4,17.141,45.717,1
5,-1,1080,142.36,17.059,46.057,1
5,-1,1078.5,142.69,17.115,46.115,1
5,-1,1076.6,142.76,17.198,46.295,1
5,-1,1054,140,32,77,1
5,-1,1052,142.88,29.177,64.492,1
5,-1,1050.8,142.79,29.179,64.616,1
5,-1,1049.1,142.7,29.119,64.69,1
5,-1,1047.7,142.63,28.958,64.932,1
5,-1,1047.1,142.44,28.89,65.245,1
5,-1,1047.3,141.95,28.761,65.772,1
5,-1,1047.1,141.67,28.511,66.216,1
5,-1,1046.8,141.38,28.261,66.808,1
5,-1,1046.2,141.29,28.032,67.106,1
6,-1,1065,152,23,55,1
6,-1,1065.4,156.58,21.335,46.732,1
6,-1,1064.3,156.83,21.255,46.746,1
6,-1,1061.3,157.35,21.174,46.784,1
6,-1,1058.3,157.42,21.155,46.938,1
6,-1,1055.8,156.58,21.134,47.043,1
6,-1,1053.1,155.84,21.091,47.047,1
6,-1,1051.7,155.58,21.058,47.082,1
6,-1,1052.1,155.91,21.025,47.143,1
6,-1,1053,156.38,21.06,47.269,1
6,-1,1057,152,23,55,1
6,-1,1059,157.98,18.366,44.3,1
6,-1,1059.8,158.32,18.249,44.374,1
6,-1,1059.8,158.62,18.14,44.547,1
6,-1,1060.3,159.06,18.042,44.628,1
6,-1,1060.6,158.94,17.968,44.805,1
6,-1,1061.2,158.7,17.929,44.963,1
6,-1,1062.6,158.6,17.926,45.079,1
6,-1,1064.5,158.5,17.883,45.316,1
6,-1,1065.6,158,17.82,45.651,1
6,-1,1061,152,23,55,1
6,-1,1064.8,157.87,15.503,46.709,1
6,-1,1062.7,157.64,15.708,46.74,1
6,-1,1061.2,157.08,15.91,46.853,1
6,-1,1059.2,156.69,16.112,46.789,1
6,-1,1056.1,156.5,16.196,46.8,1
6,-1,1053.7,156.36,16.281,46.965,1
6,-1,1052.8,156.23,16.225,46.91,1
6,-1,1052.4,156.23,16.15,46.92,1
6,-1,1051.8,156.53,16.18,47.106,1
6,-1,1052,155,21,50,1
6,-1,1068,159,21,50,1
6,-1,1067.7,160.46,18.481,44.624,1
6,-1,1067.3,160.6,18.35,44.83,1
6,-1,1066.7,161.16,18.322,45.182,1
6,-1,1067,161.52,18.281,45.478,1
6,-1,1066.9,161.56,18.259,45.327,1
6,-1,1065.9,161.5,18.129,45.401,1
6,-1,1064.4,161.53,17.997,45.234,1
6,-1,1062.9,161.88,17.927,45.234,1
6,-1,1061.3,162.11,17.833,45.488,1
6,-1,1058.8,162.17,17.767,45.857,1
6,-1,1057.7,162.14,17.685,45.961,1
6,-1,1056.1,162.06,17.516,46.085,1
6,-1,1054.7,162,17.417,46.55,1
6,-1,1054.1,161.82,17.367,47.093,1
6,-1,1054.2,161.44,17.271,47.542,1
6,-1,1054,161.18,17.178,48.096,1
6,-1,1053.7,160.82,17.038,48.907,1
6,-1,1053.1,160.8,16.955,49.381,1
7,-1,889,189,25,59,1
7,-1,891,194.59,20.617,48.457,1
7,-1,889.48,195.03,20.841,48.732,1
7,-1,886.05,195.44,21.031,49.14,1
7,-1,882.83,195.58,21.006,49.025,1
7,-1,880.15,195.08,21.083,48.647,1
7,-1,877.29,194.52,21.083,48.427,1
7,-1,875.57,194.51,21.092,48.331,1
7,-1,875.61,194.99,21.099,48.155,1
7,-1,876.12,195.47,21.143,48.231,1
7,-1,869,191,23,55,1
7,-1,878,191,23,55,1
7,-1,879.24,195.49,20.073,49.022,1
7,-1,879.53,195.44,20.215,49.349,1
7,-1,879.14,195.67,20.221,49.389,1
7,-1,879.13,195.66,20.124,49.756,1
7,-1,879.15,195.67,19.888,49.803,1
7,-1,879.4,195.29,19.764,50.308,1
7,-1,880.51,195.25,19.518,50.572,1
7,-1,881.95,195.3,19.385,50.774,1
7,-1,882.89,195.31,19.141,50.948,1
7,-1,878,191,23,55,1
7,-1,879.03,196.43,18.258,49.116,1
7,-1,876.97,196.49,18.095,48.82,1
7,-1,875.32,196.25,18.009,48.504,1
7,-1,873.29,196.28,17.938,48.049,1
7,-1,870.12,196.02,17.88,48.029,1
7,-1,867.44,196.02,17.931,47.914,1
7,-1,866.39,195.77,17.825,48.077,1
7,-1,865.61,195.79,17.821,48.295,1
7,-1,864.69,195.89,17.791,48.533,1
7,-1,860,191,23,55,1
7,-1,860.23,195.53,15.421,44.853,1
7,-1,859.61,195.55,15.317,45.49,1
7,-1,858.85,196.08,15.325,45.928,1
7,-1,858.69,196.31,15.327,46.426,1
7,-1,858.33,196.32,15.304,46.851,1
7,-1,856.97,196.36,15.424,47.154,1
7,-1,855.18,196.54,15.359,47.239,1
7,-1,853.54,197.02,15.407,47.126,1
7,-1,851.71,197.61,15.48,46.865,1
7,-1,851,191,23,55,1
7,-1,848.38,198.48,21.142,46.057,1
7,-1,847.17,198.54,21.091,46.045,1
7,-1,845.37,198.55,21.057,46.042,1
7,-1,843.81,198.34,21.095,46.322,1
7,-1,843.05,198.26,20.896,46.486,1
7,-1,843.06,198,20.866,46.857,1
7,-1,842.8,197.62,20.761,47.162,1
7,-1,842.36,197.62,20.588,47.354,1
7,-1,841.72,197.34,20.515,47.803,1
8,-1,899,251,25,59,1
8,-1,901.68,253.01,20.061,55.045,1
8,-1,900.48,253.74,19.898,54.557,1
8,-1,897.05,254.59,19.85,54.215,1
8,-1,893.9,254.94,19.744,53.943,1
8,-1,891.15,254.51,19.705,53.727,1
8,-1,888.02,254.14,19.732,53.546,1
8,-1,886.19,254.09,19.78,53.601,1
8,-1,886.11,254.46,19.812,53.692,1
8,-1,886.51,255.07,19.94,53.691,1
8,-1,887.6,255.31,20.388,54.078,1
8,-1,888.07,255.5,20.723,54.173,1
8,-1,887.76,255.67,20.819,54.447,1
8,-1,887.91,255.98,20.823,54.563,1
8,-1,888.21,256,20.791,54.652,1
8,-1,888.68,255.99,20.8,54.754,1
8,-1,889.91,256.24,20.719,54.728,1
8,-1,891.66,256.51,20.613,54.583,1
8,-1,892.77,256.68,20.407,54.148,1
8,-1,888,252,32,77,1
8,-1,886.76,253.47,24.253,71.808,1
8,-1,884.68,253.54,24.351,71.715,1
8,-1,883.02,253.36,24.498,71.709,1
8,-1,881.05,253.26,24.584,71.534,1
8,-1,877.9,253.13,24.696,71.384,1
8,-1,875.4,253.1,24.761,71.289,1
8,-1,874.35,252.92,24.97,71.181,1
8,-1,873.71,253.06,25.131,70.992,1
8,-1,872.87,253.2,25.322,71.015,1
8,-1,871.54,253.56,25.688,70.741,1
8,-1,870.93,253.95,25.725,70.582,1
8,-1,870.28,254.64,25.917,70.326,1
8,-1,870.26,255.09,26,70.198,1
8,-1,870.05,255.38,26.082,69.905,1
8,-1,868.88,255.58,26.082,69.564,1
8,-1,867.25,255.91,26.04,69.195,1
8,-1,865.64,256.58,25.891,68.578,1
8,-1,863.88,257.06,25.808,68.114,1
8,-1,861.16,257.64,25.463,67.534,1
8,-1,859.88,257.57,25.479,67.359,1
8,-1,858.11,257.47,25.847,67.18,1
8,-1,856.54,257.34,26.154,67.112,1
8,-1,855.64,257.37,26.572,67.048,1
8,-1,855.6,257.29,26.739,66.836,1
8,-1,855.18,257.1,26.887,66.725,1
8,-1,854.44,256.95,27.289,66.72,1
8,-1,853.54,257.08,27.672,66.467,1
9,-1,1094,70,25,59,1
9,-1,1095.1,76.36,17.254,50.273,1
9,-1,1094.1,76.61,17.216,50.317,1
9,-1,1091.2,77.292,17.168,50.18,1
9,-1,1088.7,77.285,17.131,50.217,1
9,-1,1086.5,76.472,17.115,50.183,1
9,-1,1083.9,75.568,17.133,50.192,1
9,-1,1082.7,75.183,17.082,50.163,1
9,-1,1083.3,75.288,17.071,50.266,1
9,-1,1084.4,75.612,17.122,50.149,1
9,-1,1080,70,25,59,1
9,-1,1082.9,74.364,22.304,51.306,1
9,-1,1083.5,74.584,22.726,51.205,1
9,-1,1083.4,74.823,23.118,51.27,1
9,-1,1083.5,75.255,23.732,51.185,1
9,-1,1083.8,75.128,24.082,51.189,1
9,-1,1084.2,74.806,24.407,51.157,1
9,-1,1085.4,74.636,25.06,51.174,1
9,-1,1087.2,74.425,25.267,51.185,1
9,-1,1088.2,74.054,25.491,51.137,1
9,-1,1096,71,21,50,1
9,-1,1094.7,75.544,19.043,39.323,1
9,-1,1093.1,75.346,18.715,39.275,1
9,-1,1091.9,74.655,18.436,39.277,1
9,-1,1090.3,74.194,18.268,39.283,1
9,-1,1087.5,73.845,18.113,39.345,1
9,-1,1085,73.613,18.157,39.301,1
9,-1,1083.9,73.188,18.193,39.271,1
9,-1,1083.3,73.161,18.427,39.208,1
9,-1,1082.6,73.311,18.685,39.185,1
9,-1,1070,65,25,59,1
9,-1,1070,67.956,23.521,54.312,1
9,-1,1069.3,68.027,23.841,54.244,1
9,-1,1068.7,68.46,24.276,54.046,1
9,-1,1068.9,68.692,24.524,54.058,1
9,-1,1068.7,68.605,24.931,53.997,1
9,-1,1067.5,68.432,25.181,54.007,1
9,-1,1065.8,68.413,25.716,53.975,1
9,-1,1064.3,68.651,26.257,53.9,1
9,-1,1062.4,68.686,26.669,53.827,1
9,-1,1056,61,30,71,1
9,-1,1060.5,63.281,22.626,58.593,1
9,-1,1059.2,63.107,23.129,58.639,1
9,-1,1057.4,62.956,23.675,58.588,1
9,-1,1055.7,62.724,24.244,58.704,1
9,-1,1054.8,62.523,24.969,58.624,1
9,-1,1054.7,62.238,25.521,58.454,1
9,-1,1054.2,61.868,26.181,58.561,1
9,-1,1053.8,61.678,26.64,58.478,1
9,-1,1053.1,61.592,27.279,58.444,1
10,-1,499,23,32,77,1
10,-1,510.86,27.938,18.352,53.802,1
10,-1,510.08,28.233,18.351,53.677,1
10,-1,507.52,28.332,18.327,53.799,1
10,-1,505.08,27.707,18.343,53.99,1
10,-1,503.07,26.715,18.35,53.97,1
10,-1,500.79,25.946,18.351,53.803,1
10,-1,499.54,25.947,18.303,53.821,1
10,-1,500.1,26.066,18.333,53.77,1
10,-1,501.1,26.397,18.342,53.873,1
10,-1,503.31,27.192,18.344,53.813,1
10,-1,504.33,27.377,18.324,53.785,1
10,-1,504.65,27.455,18.337,53.879,1
10,-1,505.37,27.387,18.284,53.881,1
10,-1,505.99,27.158,18.37,53.901,1
10,-1,506.67,27.16,18.331,53.912,1
10,-1,508.18,27.198,18.305,53.838,1
10,-1,510.14,27.213,18.322,53.844,1
10,-1,511.39,27.232,18.298,53.833,1
10,-1,499,23,32,77,1
10,-1,501.8,27.057,26.818,68.496,1
10,-1,500.2,26.851,26.791,68.558,1
10,-1,499.2,26.175,26.641,68.743,1
10,-1,497.98,25.389,26.516,68.659,1
10,-1,494.99,24.89,26.973,68.562,1
10,-1,492.84,24.516,27.069,68.658,1
10,-1,492.28,24.33,27.077,68.609,1
10,-1,492.28,24.333,26.852,68.606,1
10,-1,492.06,24.229,26.918,68.581,1
10,-1,493,17,32,77,1
10,-1,499.4,24.084,23.42,54.646,1
10,-1,499.14,24.561,23.432,54.555,1
10,-1,498.88,24.864,23.508,54.622,1
10,-1,499.41,25.099,23.473,54.641,1
10,-1,499.54,25.202,23.48,54.557,1
10,-1,498.89,25.076,23.466,54.55,1
10,-1,497.84,24.902,23.476,54.597,1
10,-1,496.84,24.898,23.472,54.688,1
10,-1,495.49,25.037,23.551,54.655,1
10,-1,484,12,35,84,1
10,-1,485.19,16.021,30.987,77.775,1
10,-1,484.38,15.719,31.045,77.753,1
10,-1,483.15,15.306,31.158,77.882,1
10,-1,482.28,15.037,30.926,77.888,1
10,-1,482.01,14.827,30.911,77.839,1
10,-1,482.24,14.756,30.945,77.886,1
10,-1,482.25,14.49,30.955,77.889,1
10,-1,482.21,14.229,31.025,77.895,1
10,-1,482.24,14.08,30.836,77.837,1
11,-1,980,191,21,50,1
11,-1,984.3,199.78,12.271,35.277,1
11,-1,985.1,200.41,12.238,35.246,1
11,-1,985.11,200.83,12.231,35.565,1
11,-1,985.56,201.47,12.115,35.838,1
11,-1,985.99,201.5,12.022,36.156,1
11,-1,986.62,201.49,11.95,36.114,1
11,-1,987.99,201.59,11.838,36.056,1
11,-1,989.92,201.61,11.781,36.192,1
11,-1,991.09,201.4,11.712,36.517,1
11,-1,984,191,21,50,1
11,-1,985.67,200.29,14.668,39.467,1
11,-1,983.88,199.94,14.569,39.801,1
11,-1,982.54,199.35,14.477,40.425,1
11,-1,980.68,198.76,14.525,41.062,1
11,-1,977.75,198.48,14.462,41.285,1
11,-1,975.49,198.44,14.332,41.409,1
11,-1,974.65,198.26,14.43,41.344,1
11,-1,974.24,198.34,14.394,41.322,1
11,-1,973.7,198.88,14.457,41.178,1
11,-1,972,195,21,50,1
11,-1,973.98,201.64,16.354,35.501,1
11,-1,973.6,202.06,16.323,35.238,1
11,-1,973.25,202.58,16.341,35.349,1
11,-1,973.5,203.07,16.297,35.299,1
11,-1,973.54,203.13,16.301,35.407,1
11,-1,972.58,203.07,16.303,35.755,1
11,-1,971.2,203.13,16.304,35.99,1
11,-1,969.79,203.43,16.445,36.189,1
11,-1,968.14,203.64,16.471,36.744,1
11,-1,964,195,21,50,1
11,-1,963.87,202.58,14.798,36.118,1
11,-1,962.79,202.73,14.797,36.368,1
11,-1,961.26,202.7,14.809,36.416,1
11,-1,959.86,202.74,14.822,36.549,1
11,-1,959.3,202.89,14.793,36.479,1
11,-1,959.5,202.92,14.806,36.518,1
11,-1,959.38,202.94,14.736,36.553,1
11,-1,959.13,202.97,14.619,36.617,1
11,-1,958.68,203.06,14.599,36.854,1
12,-1,1064,59,21,50,1
12,-1,1067.1,63.826,18.75,41.02,1
12,-1,1068.2,64.06,18.49,40.96,1
12,-1,1068.4,64.329,18.256,40.998,1
12,-1,1069.2,64.757,17.907,40.896,1
12,-1,1069.9,64.569,17.686,40.964,1
12,-1,1070.7,64.264,17.445,41,1
12,-1,1072.5,64.114,17.062,40.948,1
12,-1,1074.5,63.846,17.022,40.999,1
12,-1,1075.9,63.494,17.121,40.99,1
12,-1,1074.6,63.669,17.06,40.92,1
12,-1,1073,63.43,17.138,40.929,1
12,-1,1072,62.799,17.082,40.83,1
12,-1,1070.3,62.31,17.064,40.768,1
12,-1,1067.5,62.018,17.009,40.758,1
12,-1,1065.5,61.75,17.017,40.801,1
12,-1,1064.8,61.34,17.032,40.79,1
12,-1,1064.6,61.297,17.036,40.62,1
12,-1,1064.4,61.463,17.006,40.622,1
12,-1,1064.2,61.587,16.997,40.624,1
12,-1,1063.9,61.627,16.946,40.603,1
12,-1,1063.7,62.08,16.952,40.435,1
12,-1,1064.3,62.334,16.962,40.424,1
12,-1,1064.4,62.224,16.969,40.382,1
12,-1,1063.6,62.039,16.936,40.381,1
12,-1,1062.4,62.019,17.1,40.388,1
12,-1,1060.9,62.28,17.467,40.258,1
12,-1,1059.2,62.317,17.766,40.202,1
12,-1,1056.5,62.212,18.631,40.172,1
12,-1,1055.3,62.119,19.108,40.132,1
12,-1,1053.5,61.903,19.557,40.055,1
12,-1,1052,61.742,19.871,40.027,1
12,-1,1051.3,61.5,20.316,39.963,1
12,-1,1051.3,61.184,20.768,39.907,1
12,-1,1051,60.846,21.181,39.891,1
12,-1,1050.6,60.646,21.569,39.712,1
12,-1,1050,60.559,21.945,39.687,1
13,-1,1039,156,23,55,1
13,-1,1036.8,157.82,19.992,46.841,1
13,-1,1035.8,157.84,19.774,46.9,1
13,-1,1034.3,157.77,19.485,47.131,1
13,-1,1033,157.83,19.357,47.095,1
13,-1,1032.5,157.7,19.261,47.155,1
13,-1,1032.7,157.47,19.176,47.3,1
13,-1,1032.6,157.36,19.07,47.372,1
13,-1,1032.4,157.25,19.048,47.366,1
13,-1,1031.9,157.22,19.005,47.434,1
7,-1,1017.6,152.15,16.075,42.219,0
7,-1,1016.9,152.05,16.26,42.516,0
7,-1,1015.9,151.91,16.378,42.681,0
7,-1,1014.9,151.72,16.412,42.753,0
7,-1,1014.7,151.63,16.439,42.779,0
7,-1,1014.5,151.4,16.39,42.932,0
7,-1,1013.6,151.75,16.46,43.129,0
7,-1,1004,159,21,50,0
7,-1,1012,147,21,50,0
7,-1,1010.4,154.68,18.041,38.956,0
7,-1,1009.7,155,18.09,39.243,0
7,-1,1009,155.42,18.092,39.515,0
7,-1,1008.4,155.65,18.095,39.673,0
7,-1,1007.8,155.75,18.075,39.939,0
7,-1,1007.5,156.54,18.029,40.311,0
7,-1,1007.5,157.34,18.02,40.864,0
7,-1,1007.5,158.08,17.987,41.018,0
7,-1,1007.5,158.73,17.956,41.299,0
8,-1,808,273,27,65,0
8,-1,808.99,275.87,24.54,59.905,0
8,-1,810.71,276.13,24.696,59.89,0
8,-1,811.03,276.53,24.754,59.561,0
8,-1,808,273,27,65,0
8,-1,806.88,277.19,24.618,59.531,0
8,-1,806.52,277.28,24.701,59.479,0
8,-1,806.26,277.23,24.684,59.509,0
8,-1,806.08,276.23,24.81,59.806,0
8,-1,804.93,275.4,24.999,59.832,0
8,-1,802.81,275.18,25.222,60.003,0
8,-1,800.45,275.21,25.323,60.077,0
8,-1,798.19,275.41,25.54,60.233,0
8,-1,796.19,275.5,25.948,60.4,0
8,-1,795,270,32,77,0
8,-1,795.38,270.32,26.318,68.824,0
8,-1,794.06,269.99,26.899,69.146,0
8,-1,792.71,269.75,27.421,69.784,0
8,-1,791.31,269.77,27.79,70.357,0
8,-1,790.37,269.77,27.885,70.766,0
8,-1,789.68,270.02,27.949,71.118,0
8,-1,788.7,270.39,27.93,71.005,0
8,-1,787.55,270.91,27.783,70.786,0
8,-1,786.61,271.41,27.894,70.652,0
8,-1,787,278,27,65,0
8,-1,787.06,283.24,24.434,55.607,0
8,-1,785.77,284.33,24.547,55.199,0
8,-1,784.54,285.29,24.586,54.878,0
8,-1,783.23,286.01,24.783,54.79,0
8,-1,782.98,286.16,24.903,54.818,0
8,-1,783.44,285.91,24.99,55.004,0
8,-1,783.28,285.6,25.07,55.116,0
8,-1,782.7,285.4,25.232,55.259,0
8,-1,782.22,285.01,25.25,55.533,0
8,-1,785,280,25,59,0
8,-1,784.45,279.83,23.474,57.635,0
8,-1,783.89,279.15,23.498,58.166,0
8,-1,783.68,278.19,23.418,58.404,0
8,-1,783.65,277.42,23.173,58.866,0
8,-1,782.74,276.68,23.264,59.196,0
8,-1,781.5,276.31,23.202,59.172,0
8,-1,780.5,276.3,22.987,58.928,0
8,-1,779.22,276.37,22.854,58.445,0
8,-1,777.88,276.62,22.771,57.77,0
8,-1,770,270,32,77,0
8,-1,768.52,270.99,29.322,71.732,0
8,-1,767.5,271.37,29.582,72.326,0
8,-1,766.65,271.88,30.158,72.488,0
8,-1,765.73,272.53,30.677,72.727,0
8,-1,764.62,273.13,31.386,72.537,0
8,-1,764.82,273.38,31.944,72.818,0
8,-1,764.82,273.55,32.769,72.951,0
8,-1,763.65,274.38,33.754,73.108,0
8,-1,762.03,275.41,34.441,73.222,0
8,-1,770,276,32,77,0
8,-1,770.84,277.08,27.099,74.176,0
8,-1,770.95,277.53,27.256,74.308,0
8,-1,771.21,277.79,27.362,74.271,0
8,-1,770.73,278.23,27.459,74.226,0
8,-1,770.17,278.92,27.456,73.68,0
8,-1,770,279.64,27.663,73.236,0
8,-1,769.9,280.24,27.924,72.646,0
8,-1,769.45,280.78,28.069,71.883,0
8,-1,768.46,281.42,28.423,71.017,0
8,-1,770,276,32,77,0
8,-1,767.33,282.44,21.609,63.839,0
8,-1,765.73,282.85,21.761,63.724,0
8,-1,764.3,283.05,21.835,63.916,0
8,-1,762.88,283.1,21.785,64.132,0
8,-1,761.34,283.08,21.953,64.411,0
8,-1,759.8,282.79,21.966,64.859,0
8,-1,759.07,282.45,21.956,65.293,0
8,-1,758.5,281.95,21.949,65.912,0
8,-1,757.43,282.03,21.906,66.399,0
8,-1,752,283,32,77,0
8,-1,752.1,284.6,24.458,75.192,0
8,-1,751.28,285.27,24.383,75.861,0
8,-1,750.33,286.01,24.322,76.298,0
8,-1,749.5,286.75,24.161,76.308,0
8,-1,748.76,287.53,23.875,75.781,0
8,-1,748.14,289,23.634,74.951,0
8,-1,747.75,290.37,23.552,74.587,0
8,-1,747.4,291.52,23.504,74.715,0
8,-1,746.93,292.51,23.479,75.126,0
9,-1,462,23,32,77,0
9,-1,464.88,30.104,27.813,68.186,0
9,-1,467.08,29.621,27.761,68.164,0
9,-1,467.94,29.122,27.891,68.181,0
9,-1,465.58,28.8,27.989,68.239,0
9,-1,465.44,28.815,27.696,68.241,0
9,-1,465.44,28.56,27.695,68.188,0
9,-1,465.38,27.302,27.781,68.216,0
9,-1,464.93,25.893,27.584,68.404,0
9,-1,462.97,25.188,28.166,68.199,0
9,-1,461.41,25.008,27.779,68.261,0
9,-1,459.37,25.238,28.033,68.063,0
9,-1,457.78,25.436,27.842,68.303,0
9,-1,457,21,30,71,0
9,-1,463.28,21.703,19.369,58.898,0
9,-1,462.77,21.447,19.459,58.873,0
9,-1,462.18,21.204,19.356,58.891,0
9,-1,461.25,21.22,19.395,58.837,0
9,-1,460.92,21.176,19.348,58.852,0
9,-1,460.57,21.066,19.382,58.968,0
9,-1,460.19,21.024,19.306,58.994,0
9,-1,459.38,21.022,19.361,58.866,0
9,-1,458.9,20.999,19.386,59.023,0
9,-1,458.65,21.288,19.423,23.904,0
9,-1,458.04,21.766,19.352,23.755,0
9,-1,457.26,22.316,19.342,23.453,0
9,-1,456.54,22.559,19.353,23.077,0
9,-1,457.06,22.295,19.36,22.594,0
9,-1,458.07,21.781,19.379,22.147,0
9,-1,458.68,21.409,19.383,21.641,0
9,-1,458.99,20.744,19.304,21.204,0
9,-1,459,20.308,19.287,20.738,0
9,-1,458.83,19.504,19.322,19.913,0
9,-1,458.31,18.99,19.293,19.572,0
9,-1,458.17,18.266,19.418,19.161,0
9,-1,458.26,17.266,19.428,18.859,0
9,-1,457.92,16.257,19.52,18.52,0
9,-1,457.02,15.141,19.492,18.405,0
9,-1,456.29,14.533,19.601,18.134,0
9,-1,455.26,14.154,19.636,17.917,0
9,-1,454.22,13.545,19.707,17.846,0
9,-1,453.54,12.535,19.885,17.636,0
9,-1,453.4,12.274,19.905,17.537,0
9,-1,453.37,12.016,19.938,17.541,0
9,-1,453.33,12.275,19.978,17.501,0
9,-1,453.09,12.531,19.939,17.574,0
9,-1,454.36,12.742,19.97,17.48,0
9,-1,455.45,12.878,19.99,17.468,0
9,-1,455.87,13.512,19.945,17.357,0
9,-1,455.6,14.274,19.966,17.296,0
9,-1,454.7,15.264,19.882,17.242,0
9,-1,455.36,15.482,19.941,17.222,0
9,-1,456.27,15.416,19.963,17.204,0
9,-1,456.19,15.324,19.961,17.221,0
9,-1,456.1,15.488,19.96,17.136,0
9,-1,456.58,15.481,19.97,17.117,0
9,-1,457.35,15.49,19.966,17.096,0
9,-1,457.67,15.31,19.966,17.056,0
9,-1,457.66,15.039,19.982,17.058,0
9,-1,457.19,14.35,19.982,16.985,0
9,-1,456.66,14.274,19.983,16.948,0
9,-1,456.18,14.205,20.029,16.936,0
9,-1,455.88,13.764,19.921,16.927,0
9,-1,455.2,13.51,19.882,16.905,0
9,-1,454.44,13.258,19.863,16.885,0
9,-1,454.44,12.925,19.791,16.869,0
9,-1,454.54,12.461,19.781,16.932,0
9,-1,454.19,12.453,19.641,16.972,0
10,-1,592,416,35,84,0
10,-1,592.41,418.78,32.228,74.516,0
10,-1,595.43,417.85,32.321,74.795,0
10,-1,597.01,417.13,32.487,74.763,0
10,-1,598,412,32,77,0
10,-1,598.21,416.84,29.689,70.224,0
10,-1,599.29,416.76,29.937,70.073,0
10,-1,600.45,416.05,30.294,70.283,0
10,-1,601.84,414.54,30.402,70.271,0
10,-1,602.31,412.99,30.578,70.198,0
10,-1,601.83,411.49,30.68,70.351,0
10,-1,600.99,410.7,30.872,70.155,0
10,-1,600.38,410.18,30.998,69.565,0
10,-1,600.21,409.55,31.109,68.896,0
10,-1,593,402,39,92,0
10,-1,593.71,406.45,38.063,81.089,0
10,-1,593.75,405.43,38.755,81.574,0
10,-1,593.59,404.98,39.462,81.886,0
10,-1,593.52,404.59,39.855,82.038,0
10,-1,593.97,404.1,42.327,82.106,0
10,-1,594.64,403.85,44.362,82.012,0
10,-1,595.03,403.71,45.925,82.091,0
10,-1,595.17,403.5,46.588,82.153,0
10,-1,595.86,403.51,46.241,81.982,0
10,-1,605,403,35,84,0
10,-1,610.25,405.45,27.847,69.646,0
10,-1,610.74,405.41,27.769,69.128,0
10,-1,611.64,405.22,27.459,68.516,0
10,-1,612.53,404.81,27.402,68.348,0
10,-1,613.89,403.62,27.571,69.056,0
10,-1,616.06,402.52,27.857,69.49,0
10,-1,617.86,401.21,27.863,70.379,0
10,-1,618.91,399.96,27.923,71.459,0
10,-1,619.94,398.97,28.02,71.711,0
10,-1,619,396,35,84,0
10,-1,622.74,396.75,31.555,71.252,0
10,-1,623.88,396.07,31.336,71.319,0
10,-1,625.27,394.84,31.052,71.611,0
10,-1,626.57,393.74,30.96,71.601,0
10,-1,627.18,392.37,31.065,71.729,0
10,-1,627.19,390.89,31.329,71.832,0
10,-1,627.56,389.6,31.379,71.761,0
10,-1,628.32,388.42,30.954,71.18,0
10,-1,628.68,387.15,30.76,70.549,0
10,-1,622,381,32,77,0
10,-1,624.32,383.99,29.35,68.237,0
10,-1,625.02,383.03,29.693,68.357,0
10,-1,625.91,382.27,29.804,69.391,0
10,-1,626.91,382.05,29.983,70.022,0
10,-1,627.91,381.92,29.635,70.318,0
10,-1,629.86,381.93,29.705,69.922,0
10,-1,631.54,382.11,29.936,69.468,0
10,-1,632.18,382.76,30.069,69.157,0
10,-1,632.29,383.49,30.117,68.924,0
10,-1,635,381,32,77,0
10,-1,638.51,385.76,27.48,69.082,0
10,-1,640.29,385.76,27.232,68.576,0
10,-1,642.5,385.09,26.847,69.278,0
10,-1,644.1,384.33,26.313,70.02,0
10,-1,645.59,383.72,25.828,70.575,0
10,-1,647.29,382.94,25.622,71.102,0
10,-1,649.27,382.02,25.589,72.084,0
10,-1,650.75,381.18,25.5,72.729,0
10,-1,651.71,380.5,25.54,72.856,0
10,-1,647,375,32,77,0
10,-1,649.77,377.77,27.893,68.488,0
10,-1,649.96,377.47,28.356,68.556,0
10,-1,650.2,377.12,28.446,68.639,0
10,-1,650.49,376.61,28.677,68.65,0
10,-1,650.68,375.91,28.982,68.974,0
10,-1,650.89,375.12,29.397,69.037,0
10,-1,651.72,374.08,29.779,68.998,0
10,-1,653.11,372.95,29.771,68.688,0
10,-1,653.84,372.17,29.698,67.884,0
10,-1,653,369,35,84,0
10,-1,652.95,372.49,34.272,74.11,0
10,-1,652.99,372.14,35.056,74.168,0
10,-1,653,371.71,36.598,75.099,0
10,-1,653.38,371.46,38.558,75.666,0
10,-1,653.94,371.31,40.046,75.318,0
10,-1,654.52,371.75,40.828,74.811,0
10,-1,655.31,372.3,41.541,74.506,0
10,-1,656.36,372.79,42.212,74.166,0
10,-1,657.26,373.1,42.114,73.879,0
11,-1,976,171,21,50,0
11,-1,987,169,23,55,0
11,-1,984.09,172.27,21.286,48.513,0
11,-1,983.42,171.82,21.286,48.739,0
11,-1,983.25,171.39,21.228,48.935,0
11,-1,983,170.02,21.169,49.208,0
11,-1,981.96,168.99,21.11,49.251,0
11,-1,979.8,168.64,21.067,49.46,0
11,-1,977.52,168.68,20.914,49.688,0
11,-1,975.28,168.78,20.918,49.657,0
11,-1,973.31,168.96,20.952,49.584,0
11,-1,975,165,25,59,0
11,-1,972.89,169.03,23.226,50.412,0
11,-1,971.87,169.06,23.266,50.537,0
11,-1,970.88,169.07,23.284,50.623,0
11,-1,969.72,169.18,23.308,50.858,0
11,-1,968.76,169.19,23.284,51.02,0
11,-1,968.19,169.33,23.292,51.15,0
11,-1,967.28,169.51,23.286,51.225,0
11,-1,966.02,169.5,23.273,51.335,0
11,-1,965.25,169.44,23.197,51.495,0
11,-1,952,167,21,50,0
11,-1,951.43,173.77,18.927,36.021,0
11,-1,950.27,174.24,19.091,36.171,0
11,-1,949.12,174.49,19.169,36.158,0
11,-1,948.14,174.7,19.332,36.296,0
11,-1,948.18,174.7,19.352,36.47,0
11,-1,948.96,174.34,19.547,36.475,0
11,-1,949.25,174.24,19.438,36.44,0
11,-1,948.97,173.97,19.515,36.51,0
11,-1,948.74,173.65,19.527,36.473,0
11,-1,948,167,21,50,0
11,-1,948.51,173.25,14.116,35.744,0
11,-1,947.93,172.56,14.119,35.809,0
11,-1,947.69,171.52,14.124,35.92,0
11,-1,947.7,170.55,14.105,36.08,0
11,-1,947.02,169.66,14.127,36.197,0
11,-1,945.87,168.87,14.131,36.502,0
11,-1,944.85,168.58,14.134,36.528,0
11,-1,943.6,168.03,14.107,36.743,0
11,-1,942.37,167.59,14.096,36.888,0
11,-1,941.22,167.08,14.065,36.859,0
11,-1,940.56,167.04,14.059,36.8,0
11,-1,940.32,167.19,14.073,36.772,0
11,-1,939.79,167.46,14.108,36.638,0
11,-1,939.25,167.91,14.164,36.506,0
11,-1,940.13,168.33,14.236,36.531,0
11,-1,940.85,168.59,14.299,36.701,0
11,-1,940.4,169.74,14.386,36.83,0
11,-1,939.36,171.1,14.453,36.932,0
11,-1,936,163,21,50,0
11,-1,934.34,170.82,16.766,39.013,0
11,-1,934.56,171.13,16.929,39.065,0
11,-1,934.76,170.9,17.021,39.473,0
11,-1,934.3,170.99,17.13,39.716,0
11,-1,933.74,171.08,17.201,40.022,0
11,-1,933.93,171.16,17.322,40.348,0
11,-1,934.31,171.15,17.408,40.466,0
11,-1,934.35,171,17.442,40.722,0
11,-1,933.96,170.78,17.563,40.8,0
11,-1,920,179,21,50,0
11,-1,922.1,181.91,14.345,41.479,0
11,-1,921.24,181.94,14.303,41.474,0
11,-1,920.36,181.97,14.366,41.473,0
11,-1,919.57,181.94,14.423,41.517,0
11,-1,918.52,181.88,14.537,41.617,0
11,-1,917.58,181.69,14.514,41.565,0
11,-1,917,181.54,14.581,41.54,0
11,-1,916.73,181.24,14.688,41.823,0
11,-1,915.7,181.42,14.752,41.879,0
11,-1,914,182.32,14.88,42.379,0
11,-1,913.31,182.5,14.958,42.71,0
11,-1,912.55,182.97,15.071,43.104,0
11,-1,911.88,183.34,15.199,43.272,0
11,-1,911.31,183.56,15.282,43.603,0
11,-1,910.91,184.53,15.267,43.628,0
11,-1,910.78,185.54,15.312,43.696,0
11,-1,910.89,186.54,15.147,43.746,0
11,-1,910.84,187.39,15.225,43.894,0
12,-1,776,207,21,50,0
12,-1,773.27,213.4,17.376,42.063,0
12,-1,772,213.31,17.435,41.806,0
12,-1,770.74,213.05,17.526,41.878,0
12,-1,769.32,213.1,17.551,41.872,0
12,-1,768.24,212.83,17.6,42.202,0
12,-1,767.31,212.78,17.704,42.655,0
12,-1,766.13,212.88,17.755,43.105,0
12,-1,764.65,212.92,17.877,43.418,0
12,-1,763.72,213.18,17.859,43.467,0
12,-1,760,230,23,55,0
12,-1,764,209,23,55,0
12,-1,763.07,213.78,16.917,48.562,0
12,-1,761.73,214.54,17.05,48.541,0
12,-1,760.32,215.27,17.224,48.423,0
12,-1,759.15,215.65,17.213,48.584,0
12,-1,758.89,215.72,17.264,48.763,0
12,-1,759.43,215.52,17.116,48.936,0
12,-1,759.37,215.2,16.986,49.29,0
12,-1,758.93,214.7,16.683,49.884,0
12,-1,758.5,214.36,16.345,50.531,0
12,-1,747,207,35,84,0
12,-1,745.77,212.82,34.049,73.394,0
12,-1,744.94,212.06,34.043,73.593,0
12,-1,744.38,211.06,34.141,73.647,0
12,-1,744,210.11,34.057,73.784,0
12,-1,743,209.14,33.932,73.993,0
12,-1,741.53,208.53,34.021,74.077,0
12,-1,740.2,208.18,34.095,74.351,0
12,-1,738.54,207.74,34.161,74.739,0
12,-1,736.96,207.79,34.132,74.843,0
12,-1,739,202,32,77,0
12,-1,738.61,207.77,26.216,69.626,0
12,-1,737.6,208.05,26.228,69.968,0
12,-1,736.99,208.26,26.192,70.486,0
12,-1,736.31,208.66,26.107,71.023,0
12,-1,735.55,209.08,25.982,71.715,0
12,-1,736.2,209.3,25.848,72.328,0
12,-1,736.72,209.47,25.705,72.844,0
12,-1,736.12,210.35,25.653,73.062,0
12,-1,734.84,211.33,25.782,73.325,0
12,-1,733,207,35,84,0
12,-1,731.64,212.66,30.651,78.155,0
12,-1,731.65,212.93,30.735,78.177,0
12,-1,731.67,212.91,31.118,78.222,0
12,-1,730.95,212.92,31.549,78.379,0
12,-1,730.27,213.17,31.651,78.636,0
12,-1,730.24,213.37,31.632,78.905,0
12,-1,730.56,213.59,31.561,79.217,0
12,-1,730.44,213.63,31.386,79.507,0
12,-1,729.86,213.84,31.15,79.64,0
12,-1,727,221,32,77,0
12,-1,725.38,221.96,26.857,72.163,0
12,-1,724.23,222.05,26.82,72.084,0
12,-1,722.88,222.04,27.096,71.952,0
12,-1,721.51,221.78,27.368,72.002,0
12,-1,720.13,221.46,27.483,72.391,0
12,-1,718.59,221.07,27.785,72.95,0
12,-1,717.52,220.67,28.067,73.597,0
12,-1,716.7,220.29,28.528,74.293,0
12,-1,715.4,220.26,28.976,74.558,0
12,-1,714,232,27,65,0
12,-1,721,208,32,77,0
12,-1,719.02,213.33,22.834,72.042,0
12,-1,718.2,213.9,22.709,72.457,0
12,-1,717.25,214.57,22.684,73.02,0
12,-1,716.29,214.94,22.581,73.807,0
12,-1,715.38,215.41,22.482,74.405,0
12,-1,714.67,216.54,22.403,74.511,0
12,-1,714.14,217.59,22.437,74.2,0
12,-1,713.73,218.62,22.546,74.009,0
12,-1,713.32,219.37,22.651,74.308,0
13,-1,1088,167,21,50,0
13,-1,1087.9,167.37,17.775,45.544,0
13,-1,1087.7,166.41,17.782,45.477,0
13,-1,1087.7,165.12,17.832,45.566,0
13,-1,1087.8,164.27,18.027,45.463,0
13,-1,1087.4,163.3,18.133,45.415,0
13,-1,1086.3,162.38,18.273,45.612,0
13,-1,1085.4,162.07,18.397,45.514,0
13,-1,1084.3,161.25,18.504,45.752,0
13,-1,1083.1,160.61,18.678,45.85,0
13,-1,1082.2,160.01,19.078,45.625,0
13,-1,1081.8,159.73,19.23,45.693,0
13,-1,1081.7,159.78,19.357,45.641,0
13,-1,1081.4,159.82,19.592,45.67,0
13,-1,1081.1,160.21,19.638,45.443,0
13,-1,1082.4,160.54,19.889,45.579,0
13,-1,1083.3,160.73,20.018,45.591,0
13,-1,1083.3,161.95,20.142,45.52,0
13,-1,1082.5,163.37,20.264,45.584,0
13,-1,1081.3,164.3,20.497,45.555,0
13,-1,1081.9,164.52,20.776,45.552,0
13,-1,1082.6,164.48,20.903,45.468,0
13,-1,1082.4,164.43,21.063,45.506,0
13,-1,1082.3,164.39,21.194,45.544,0
13,-1,1082.8,164.59,21.337,45.372,0
13,-1,1083.6,164.46,21.361,45.487,0
13,-1,1083.9,164.05,21.429,45.473,0
13,-1,1084,163.95,21.419,45.52,0
13,-1,1083.1,163.47,21.502,45.369,0
13,-1,1082.6,163.38,21.643,45.36,0
13,-1,1082,163.16,21.68,45.481,0
13,-1,1081.5,162.98,21.746,45.623,0
13,-1,1080.8,162.46,21.813,45.826,0
13,-1,1080.1,162.25,21.872,45.691,0
13,-1,1079.9,161.82,22.011,45.818,0
13,-1,1079.9,161.53,22.031,45.76,0
13,-1,1079.2,161.71,22.249,45.806,0
13,-1,1078.1,162.52,22.59,45.641,0
13,-1,1077.7,162.7,22.766,45.658,0
13,-1,1077.2,163.16,22.995,45.59,0
13,-1,1076.8,163.36,23.18,45.668,0
13,-1,1076.4,163.55,23.316,45.662,0
13,-1,1076.2,164.34,23.425,45.636,0
13,-1,1076.3,165.14,23.539,45.559,0
13,-1,1076.6,166.02,23.651,45.581,0
13,-1,1076.8,166.59,23.785,45.671,0
14,-1,968,159,27,65,0
14,-1,969.08,160.2,23.365,61.666,0
14,-1,968.44,159.41,23.369,62.002,0
14,-1,968.27,158.45,23.36,61.83,0
14,-1,968.2,157.61,23.312,61.948,0
14,-1,967.48,156.93,23.194,61.857,0
14,-1,966.38,156.36,23.184,62.055,0
14,-1,965.37,156,23.222,62.068,0
14,-1,964.1,155.5,23.305,62.038,0
14,-1,962.79,155.14,23.45,62.084,0
14,-1,968,147,32,77,0
14,-1,966.93,147.96,30.807,66.991,0
14,-1,966.31,147.86,30.848,67.141,0
14,-1,966.1,147.95,30.856,67.148,0
14,-1,965.61,148.27,30.93,67.137,0
14,-1,965.1,148.86,31.048,67.084,0
14,-1,965.91,149.34,31.337,67.227,0
14,-1,966.62,149.76,31.44,67.413,0
14,-1,966.36,151.16,31.522,67.506,0
14,-1,965.52,152.76,31.547,67.583,0
14,-1,968,147,32,77,0
14,-1,966.14,152,31.173,70.893,0
14,-1,966.48,152.35,31.303,71.126,0
14,-1,966.76,152.26,31.527,71.282,0
14,-1,966.23,152.17,31.707,71.367,0
14,-1,965.65,152.13,31.899,71.536,0
14,-1,965.82,152.15,31.99,71.945,0
14,-1,966.05,151.94,32.375,72.355,0
14,-1,966.03,151.68,32.403,72.588,0
14,-1,965.53,151.53,32.483,72.858,0
14,-1,968,153,32,77,0
14,-1,966.53,153.65,29.788,69.586,0
14,-1,965.49,153.95,30.006,69.469,0
14,-1,964.42,154,30.245,69.639,0
14,-1,963.53,154.23,30.322,69.683,0
14,-1,962.52,154.14,30.4,70.015,0
14,-1,961.44,154.12,30.518,70.029,0
14,-1,961.01,154.09,30.532,70.034,0
14,-1,960.72,153.83,30.593,70.118,0
14,-1,959.78,154.07,30.604,69.93,0
14,-1,956,147,35,84,0
14,-1,954.7,151.92,33.326,72.432,0
14,-1,954.27,151.98,33.022,72.701,0
14,-1,953.64,152.23,32.923,73.151,0
14,-1,953.09,152.38,32.917,73.448,0
14,-1,952.53,152.46,32.916,73.797,0
14,-1,952.18,153.23,32.879,74.243,0
14,-1,951.99,154.27,32.9,74.403,0
14,-1,951.98,155.14,32.971,74.536,0
14,-1,951.9,155.96,32.972,74.764,0
15,-1,936,163,21,50,0
15,-1,936.45,169.07,14.99,41.825,0
15,-1,935.54,169.12,14.89,41.665,0
15,-1,934.72,169.02,14.738,41.578,0
15,-1,933.99,168.88,14.642,41.613,0
15,-1,933.06,168.67,14.599,41.694,0
15,-1,932.1,168.47,14.522,41.571,0
15,-1,931.59,168.21,14.643,41.599,0
15,-1,931.41,167.8,14.57,41.833,0
15,-1,930.45,168.02,14.573,41.744,0
15,-1,928.88,169.01,14.553,41.864,0
15,-1,928.27,169.35,14.549,41.942,0
15,-1,927.62,169.81,14.703,42.05,0
15,-1,927.08,170.11,14.626,42.156,0
15,-1,926.59,170.38,14.656,42.177,0
15,-1,926.17,171.36,14.569,42.139,0
15,-1,926.09,172.2,14.568,42.34,0
15,-1,926.03,173.06,14.618,42.497,0
15,-1,926.06,173.67,14.733,42.823,0
16,-1,1084,55,21,50,0
16,-1,1085.4,57.46,10.343,41.953,0
16,-1,1085.4,57.674,10.306,42.022,0
16,-1,1085.2,58.186,10.347,42.076,0
16,-1,1085.3,58.412,10.275,42.031,0
16,-1,1085.2,58.537,10.307,42.092,0
16,-1,1085.4,59.342,10.299,42.041,0
16,-1,1085.8,60.155,10.296,42.071,0
16,-1,1086.5,60.869,10.185,42.055,0
16,-1,1087.1,61.655,10.216,42.046,0
