1,-1,544,147,21,50,72.133
1,-1,872,207,21,50,53.542
1,-1,1012,191,21,50,70.213
1,-1,1088,159,21,50,87.382
1,-1,1108,139,21,50,40.832
1,-1,1065,152,23,55,52.549
1,-1,889,189,25,59,65.166
1,-1,899,251,25,59,38.083
1,-1,1094,70,25,59,35.728
1,-1,499,23,32,77,9.866
2,-1,544,147,21,50,47.435
2,-1,868,207,21,50,60.398
2,-1,1008,191,21,50,63.871
2,-1,1088,159,21,50,43.343
2,-1,1100,139,21,50,25.208
2,-1,1108,139,21,50,26.484
2,-1,1065,152,23,55,76.493
2,-1,1092,73,23,55,28.204
2,-1,889,189,25,59,50.607
2,-1,502,25,27,65,28.079
2,-1,894,218,39,92,44.795
3,-1,536,147,21,50,52.114
3,-1,544,155,21,50,44.213
3,-1,868,211,21,50,56.283
3,-1,1008,191,21,50,86.085
3,-1,1084,159,21,50,54.585
3,-1,1100,139,21,50,57.266
3,-1,1061,152,23,55,80.945
3,-1,884,189,25,59,42.346
3,-1,894,251,25,59,38.777
3,-1,1089,75,25,59,58.469
4,-1,532,147,21,50,47.903
4,-1,540,155,21,50,51.085
4,-1,864,211,21,50,59.572
4,-1,884,191,21,50,71.821
4,-1,984,195,21,50,18.576
4,-1,1004,191,21,50,82.022
4,-1,1064,155,21,50,58.582
4,-1,1080,159,21,50,55.947
4,-1,1088,75,21,50,41.157
4,-1,1096,139,21,50,37.495
4,-1,1104,143,21,50,5.9357
4,-1,493,23,32,77,31.526
4,-1,887,218,39,92,46.068
5,-1,532,147,21,50,66.778
5,-1,540,147,21,50,20.187
5,-1,860,207,21,50,68.617
5,-1,1000,191,21,50,56.535
5,-1,1060,155,21,50,71.965
5,-1,1076,159,21,50,86.608
5,-1,1088,139,21,50,44.855
5,-1,1096,139,21,50,28.276
5,-1,880,189,25,59,69.818
5,-1,889,251,25,59,24.811
5,-1,493,23,32,77,10.04
6,-1,528,147,21,50,43.099
6,-1,536,151,21,50,41.758
6,-1,860,207,21,50,92.854
6,-1,980,191,21,50,47.503
6,-1,1000,191,21,50,58.685
6,-1,1056,151,21,50,60.938
6,-1,1076,159,21,50,65.175
6,-1,878,191,23,55,99.273
6,-1,1083,73,23,55,74.662
6,-1,1087,134,23,55,25.03
6,-1,487,17,32,77,12.214
7,-1,496,43,21,50,8.6188
7,-1,532,151,21,50,55.435
7,-1,860,207,21,50,84.543
7,-1,980,191,21,50,33.255
7,-1,996,191,21,50,61.774
7,-1,1052,151,21,50,79.724
7,-1,1060,159,21,50,6.8474
7,-1,1072,159,21,50,65.133
7,-1,1088,135,21,50,33.705
7,-1,875,189,25,59,103.08
7,-1,1080,70,25,59,76.408
7,-1,875,227,35,84,42.172
8,-1,528,147,21,50,40.139
8,-1,856,207,21,50,88.079
8,-1,980,191,21,50,49.343
8,-1,996,191,21,50,65.049
8,-1,1008,163,21,50,9.1416
8,-1,1072,159,21,50,73.819
8,-1,1096,139,21,50,44.51
8,-1,1052,152,23,55,41.284
8,-1,875,189,25,59,104.45
8,-1,1080,70,25,59,69.924
8,-1,875,227,35,84,49.438
9,-1,860,207,21,50,69.602
9,-1,980,191,21,50,58.749
9,-1,996,191,21,50,52.79
9,-1,1056,151,21,50,50.655
9,-1,1076,159,21,50,62.174
9,-1,1084,139,21,50,23.595
9,-1,1096,139,21,50,64.853
9,-1,528,147,23,55,4.7679
9,-1,1061,56,23,55,7.345
9,-1,875,189,25,59,92.864
9,-1,1080,70,25,59,69.584
9,-1,875,227,35,84,48.174
10,-1,528,147,21,50,26.676
10,-1,856,211,21,50,69.312
10,-1,980,191,21,50,70.67
10,-1,1000,191,21,50,57.141
10,-1,1064,59,21,50,11.7
10,-1,1076,159,21,50,84.148
10,-1,1088,139,21,50,35.109
10,-1,1096,139,21,50,52.842
10,-1,869,191,23,55,6.7308
10,-1,878,191,23,55,68.99
10,-1,1057,152,23,55,50.425
10,-1,1080,70,25,59,75.721
11,-1,856,211,21,50,88.828
11,-1,980,191,21,50,67.466
11,-1,1076,159,21,50,73.806
11,-1,1084,139,21,50,4.1282
11,-1,873,191,23,55,84.075
11,-1,1057,152,23,55,57.487
11,-1,1092,139,23,55,58.293
11,-1,1084,70,25,59,70.282
11,-1,491,21,30,71,12.319
11,-1,881,233,32,77,46.202
12,-1,528,147,21,50,45.41
12,-1,980,191,21,50,77.131
12,-1,1000,191,21,50,33.221
12,-1,1076,159,21,50,70.935
12,-1,1088,139,21,50,51.689
12,-1,1096,139,21,50,38.351
12,-1,856,209,23,55,69.1
12,-1,878,191,23,55,94.14
12,-1,1057,152,23,55,65.928
12,-1,1083,73,23,55,60.898
12,-1,491,13,39,92,12.456
12,-1,879,226,39,92,40.902
13,-1,528,151,21,50,53.909
13,-1,860,211,21,50,91.189
13,-1,980,191,21,50,73.676
13,-1,1000,191,21,50,30.811
13,-1,1056,155,21,50,68.187
13,-1,1076,159,21,50,68.769
13,-1,1088,139,21,50,66.318
13,-1,1096,143,21,50,73.318
13,-1,1104,143,21,50,10.419
13,-1,878,191,23,55,64.729
13,-1,1087,73,23,55,59.289
13,-1,886,252,27,65,32.871
13,-1,493,23,32,77,27.559
14,-1,524,147,21,50,38.684
14,-1,860,211,21,50,84.858
14,-1,980,195,21,50,71.87
14,-1,1060,155,21,50,69.289
14,-1,1076,159,21,50,57.409
14,-1,1088,139,21,50,67.786
14,-1,1096,139,21,50,38.881
14,-1,1083,73,23,55,52.383
14,-1,875,189,25,59,68.923
14,-1,493,23,32,77,1.9115
14,-1,882,227,35,84,49.562
15,-1,524,147,21,50,64.596
15,-1,860,211,21,50,85.495
15,-1,980,191,21,50,58.233
15,-1,1004,191,21,50,40.747
15,-1,1076,159,21,50,41.856
15,-1,1088,139,21,50,55.498
15,-1,1104,143,21,50,14.838
15,-1,873,191,23,55,71.304
15,-1,1061,156,23,55,62.654
15,-1,1087,73,23,55,59.599
15,-1,493,23,32,77,30.92
15,-1,882,234,35,84,40.113
16,-1,524,147,21,50,102.65
16,-1,860,211,21,50,96.678
16,-1,980,191,21,50,67.622
16,-1,1000,191,21,50,63.205
16,-1,1076,159,21,50,53.314
16,-1,1092,139,21,50,54.153
16,-1,1100,143,21,50,23.521
16,-1,873,191,23,55,71.507
16,-1,1057,152,23,55,60.727
16,-1,1083,73,23,55,58.727
16,-1,493,23,32,77,30.721
17,-1,528,147,21,50,64.964
17,-1,860,211,21,50,121.77
17,-1,876,191,21,50,66.972
17,-1,984,191,21,50,57.941
17,-1,1004,195,21,50,49.46
17,-1,1088,139,21,50,43.566
17,-1,1096,139,21,50,51.64
17,-1,1104,143,21,50,25.544
17,-1,1061,152,23,55,60.714
17,-1,497,21,30,71,30.185
17,-1,887,253,30,71,10.606
18,-1,528,147,21,50,61.522
18,-1,860,211,21,50,123.99
18,-1,880,191,21,50,50.584
18,-1,984,195,21,50,54.907
18,-1,1092,139,21,50,46.49
18,-1,1100,143,21,50,70.637
18,-1,1004,191,23,55,74.467
18,-1,1017,165,23,55,13.116
18,-1,1065,152,23,55,46.104
18,-1,499,23,32,77,25.668
19,-1,528,151,21,50,104.61
19,-1,860,211,21,50,109.9
19,-1,988,195,21,50,35.825
19,-1,1084,159,21,50,33.441
19,-1,1092,75,21,50,60.023
19,-1,1092,139,21,50,67.704
19,-1,1100,139,21,50,60.73
19,-1,878,191,23,55,31.076
19,-1,1004,191,23,55,46.139
19,-1,1065,152,23,55,56.689
19,-1,499,23,32,77,37.524
19,-1,888,252,32,77,45.575
20,-1,528,151,21,50,90.04
20,-1,860,211,21,50,130.52
20,-1,984,191,21,50,35.117
20,-1,1092,139,21,50,46.227
20,-1,1096,71,21,50,10.071
20,-1,1100,139,21,50,51.611
20,-1,1108,143,21,50,30.325
20,-1,878,191,23,55,42.096
20,-1,1004,191,23,55,56.021
20,-1,1061,152,23,55,52.543
20,-1,499,23,32,77,26.308
20,-1,888,252,32,77,38.325
21,-1,524,151,21,50,82.681
21,-1,860,211,21,50,74.375
21,-1,984,195,21,50,87.009
21,-1,1004,191,21,50,64.45
21,-1,1060,155,21,50,37.974
21,-1,1080,163,21,50,47.548
21,-1,1092,139,21,50,50.706
21,-1,1100,143,21,50,50.539
21,-1,875,189,25,59,67.741
21,-1,499,23,32,77,33.881
21,-1,888,252,32,77,41.132
22,-1,524,151,21,50,127.35
22,-1,876,191,21,50,82.559
22,-1,984,191,21,50,59.264
22,-1,1004,191,21,50,34.803
22,-1,1092,139,21,50,65.422
22,-1,1100,143,21,50,4.49
22,-1,856,209,23,55,84.969
22,-1,1061,152,23,55,36.167
22,-1,886,252,27,65,14.415
22,-1,499,23,32,77,29.465
23,-1,524,151,21,50,68.491
23,-1,856,211,21,50,99.943
23,-1,980,191,21,50,58.306
23,-1,988,59,21,50,20.958
23,-1,1000,191,21,50,82.788
23,-1,1056,155,21,50,50.604
23,-1,1064,155,21,50,14.537
23,-1,1076,159,21,50,30.238
23,-1,1088,139,21,50,41.583
23,-1,1096,139,21,50,50.694
23,-1,1260,275,21,50,4.009
23,-1,873,191,23,55,68.695
23,-1,878,213,23,55,19.253
23,-1,881,253,30,71,19.698
23,-1,499,17,32,77,19.33
24,-1,520,151,21,50,94.547
24,-1,852,211,21,50,91.824
24,-1,872,191,21,50,85.1
24,-1,980,191,21,50,54.968
24,-1,1088,139,21,50,46.688
24,-1,1096,139,21,50,35.491
24,-1,1057,152,23,55,39.445
24,-1,497,21,30,71,10.976
24,-1,881,253,30,71,17.841
25,-1,516,147,21,50,89.703
25,-1,852,211,21,50,95.61
25,-1,868,191,21,50,75.104
25,-1,976,191,21,50,39.558
25,-1,996,191,21,50,67.557
25,-1,1080,139,21,50,45.942
25,-1,1088,139,21,50,81.775
25,-1,1052,152,23,55,57.725
25,-1,1070,146,25,59,30.694
25,-1,493,17,32,77,39.864
26,-1,512,147,21,50,54.2
26,-1,848,211,21,50,107.08
26,-1,864,191,21,50,72.442
26,-1,868,203,21,50,33.783
26,-1,992,191,21,50,56.539
26,-1,1084,139,21,50,61.616
26,-1,1092,139,21,50,6.9249
26,-1,1048,152,23,55,56.511
26,-1,1075,65,25,59,10.374
26,-1,491,21,30,71,33.507
26,-1,875,253,30,71,31.198
26,-1,1060,134,32,77,15.044
27,-1,848,207,21,50,99.066
27,-1,972,191,21,50,22.632
27,-1,992,191,21,50,66.131
27,-1,1076,139,21,50,37.401
27,-1,1084,139,21,50,76.979
27,-1,1092,139,21,50,10.935
27,-1,511,147,23,55,72.935
27,-1,864,191,23,55,62.771
27,-1,1052,152,23,55,48.98
27,-1,1065,146,25,59,18.073
27,-1,493,17,32,77,49.793
28,-1,512,147,21,50,80.987
28,-1,848,211,21,50,101.91
28,-1,864,191,21,50,69.351
28,-1,992,191,21,50,53.219
28,-1,1068,159,21,50,47.979
28,-1,1088,139,21,50,54.856
28,-1,1048,152,23,55,50.94
28,-1,1078,134,23,55,41.365
28,-1,493,17,32,77,43.95
28,-1,875,252,32,77,54.985
29,-1,508,147,21,50,42.353
29,-1,844,211,21,50,107.79
29,-1,972,195,21,50,32.416
29,-1,992,191,21,50,60.311
29,-1,1076,139,21,50,31.473
29,-1,1084,139,21,50,71.065
29,-1,1092,139,21,50,8.8581
29,-1,860,191,23,55,50.695
29,-1,1052,152,23,55,44.082
29,-1,1065,146,25,59,38.639
29,-1,493,17,32,77,46.161
30,-1,508,147,21,50,65.55
30,-1,516,151,21,50,7.3902
30,-1,972,195,21,50,27.572
30,-1,992,191,21,50,70.612
30,-1,1052,155,21,50,27.191
30,-1,1068,159,21,50,60.626
30,-1,1076,139,21,50,42.217
30,-1,1084,139,21,50,90.523
30,-1,843,209,23,55,81.143
30,-1,860,191,23,55,61.514
30,-1,1070,65,25,59,32.041
30,-1,493,17,32,77,37.521
31,-1,508,147,21,50,102.16
31,-1,844,211,21,50,113.27
31,-1,972,195,21,50,50.521
31,-1,992,191,21,50,62.441
31,-1,1052,155,21,50,36.378
31,-1,1068,159,21,50,65.61
31,-1,1076,139,21,50,35.478
31,-1,1084,139,21,50,45.1
31,-1,860,191,23,55,61.567
31,-1,1072,61,27,65,21.152
31,-1,493,17,32,77,42.248
32,-1,508,147,21,50,84.027
32,-1,844,211,21,50,95.138
32,-1,992,191,21,50,67.213
32,-1,1052,155,21,50,26.258
32,-1,1068,159,21,50,54.862
32,-1,1080,139,21,50,43.147
32,-1,1088,139,21,50,24.219
32,-1,1072,61,27,65,6.3658
32,-1,491,21,30,71,21.109
32,-1,857,190,32,77,39.448
33,-1,508,151,21,50,61.939
33,-1,844,211,21,50,83.865
33,-1,988,195,21,50,74.936
33,-1,1068,159,21,50,49.509
33,-1,1076,139,21,50,50.285
33,-1,1048,156,23,55,32.129
33,-1,491,21,30,71,11.863
33,-1,857,190,32,77,51.985
34,-1,508,151,21,50,75.935
34,-1,844,211,21,50,86.285
34,-1,972,195,21,50,50.86
34,-1,988,195,21,50,64.52
34,-1,1068,159,21,50,52.478
34,-1,1080,139,21,50,84.115
34,-1,1088,139,21,50,12.441
34,-1,1048,152,23,55,34.975
34,-1,1074,69,23,55,27.965
34,-1,487,17,32,77,40.983
34,-1,857,190,32,77,58.971
34,-1,869,227,32,77,7.5284
35,-1,504,151,21,50,80.745
35,-1,512,151,21,50,30.266
35,-1,844,211,21,50,75.49
35,-1,972,195,21,50,74.066
35,-1,988,195,21,50,65.361
35,-1,1068,159,21,50,36.103
35,-1,1080,139,21,50,67.786
35,-1,860,191,23,55,40.682
35,-1,1048,152,23,55,46.334
35,-1,1065,65,25,59,17.443
35,-1,491,21,30,71,39.826
35,-1,865,233,39,92,37.427
36,-1,504,151,21,50,83.83
36,-1,840,211,21,50,61.359
36,-1,856,191,21,50,33.081
36,-1,988,195,21,50,63.835
36,-1,1068,79,21,50,37.195
36,-1,1068,159,21,50,59.015
36,-1,1076,139,21,50,72.56
36,-1,1084,143,21,50,43.338
36,-1,969,191,23,55,14.134
36,-1,1046,151,25,59,40.124
36,-1,493,17,32,77,20.324
37,-1,500,151,21,50,83.494
37,-1,508,151,21,50,53.273
37,-1,968,195,21,50,50.692
37,-1,988,195,21,50,56.21
37,-1,1080,139,21,50,62.344
37,-1,838,209,23,55,56.387
37,-1,856,191,23,55,54.945
37,-1,1044,152,23,55,32.33
37,-1,491,21,30,71,23.563
37,-1,1060,134,32,77,67.099
37,-1,1066,54,32,77,13.376
38,-1,508,151,21,50,23.66
38,-1,860,203,21,50,5.6462
38,-1,968,195,21,50,41.53
38,-1,988,195,21,50,58.145
38,-1,996,163,21,50,19.403
38,-1,1080,143,21,50,31.54
38,-1,497,147,23,55,86.978
38,-1,838,213,23,55,61.236
38,-1,851,191,23,55,26.499
38,-1,1044,152,23,55,34.613
38,-1,1056,55,30,71,11.644
38,-1,487,17,32,77,46.328
38,-1,869,252,32,77,50.992
38,-1,1060,134,32,77,63.887
39,-1,496,151,21,50,98.831
39,-1,836,215,21,50,94.143
39,-1,968,195,21,50,62.371
39,-1,984,195,21,50,52.637
39,-1,996,167,21,50,25.579
39,-1,1060,163,21,50,67.982
39,-1,1039,152,23,55,16.363
39,-1,1074,139,23,55,49.81
39,-1,851,194,25,59,21.763
39,-1,1062,66,27,65,52.33
39,-1,487,17,32,77,12.857
39,-1,857,233,39,92,58.135
40,-1,496,151,21,50,71.128
40,-1,836,215,21,50,89.574
40,-1,964,195,21,50,48.566
40,-1,1076,143,21,50,59.611
40,-1,851,191,23,55,27.643
40,-1,982,191,23,55,36.007
40,-1,1039,156,23,55,35.142
40,-1,1056,61,30,71,27.277
40,-1,1054,140,32,77,77.38
40,-1,484,12,35,84,16.918
41,-1,492,151,21,50,40.169
41,-1,500,151,21,50,53.655
41,-1,836,215,21,50,100.58
41,-1,964,195,21,50,56.065
41,-1,1056,163,21,50,74.202
41,-1,1064,159,21,50,18.81
41,-1,1068,139,21,50,57.687
41,-1,1076,143,21,50,56.019
41,-1,851,200,23,55,29.429
41,-1,1037,151,25,59,40.622
41,-1,487,17,32,77,17.34
41,-1,1054,54,32,77,4.768
42,-1,488,151,21,50,27.628
42,-1,496,151,21,50,41.681
42,-1,832,215,21,50,98.383
42,-1,848,195,21,50,21.287
42,-1,852,207,21,50,51.801
42,-1,964,195,21,50,60.831
42,-1,980,195,21,50,61.213
42,-1,992,163,21,50,13.441
42,-1,1056,159,21,50,61.759
42,-1,1068,139,21,50,74.3
42,-1,1076,143,21,50,71.53
42,-1,1041,151,25,59,52.605
42,-1,485,21,30,71,14.108
42,-1,1050,55,30,71,42.196
43,-1,488,151,21,50,53.021
43,-1,496,155,21,50,59.986
43,-1,832,211,21,50,87.218
43,-1,964,195,21,50,46.124
43,-1,1044,159,21,50,24.097
43,-1,1056,159,21,50,84.549
43,-1,1076,143,21,50,56.854
43,-1,851,200,23,55,34.116
43,-1,1035,152,23,55,61
43,-1,1065,139,23,55,76.344
43,-1,1051,61,27,65,65.512
44,-1,488,151,21,50,71.284
44,-1,828,215,21,50,59.54
44,-1,844,195,21,50,24.485
44,-1,852,207,21,50,59.682
44,-1,1052,159,21,50,59.126
44,-1,1072,143,21,50,76.951
44,-1,978,191,23,55,62.093
44,-1,1035,152,23,55,48.059
44,-1,1057,139,23,55,19.74
44,-1,1051,65,25,59,56.947
44,-1,485,21,30,71,7.5798
44,-1,850,233,39,92,40.949
45,-1,488,151,21,50,92.494
45,-1,828,215,21,50,78.855
45,-1,848,207,21,50,44.408
45,-1,960,191,21,50,19.551
45,-1,1068,139,21,50,95.869
45,-1,978,191,23,55,20.748
45,-1,1035,156,23,55,56.077
45,-1,1051,70,25,59,87.243
45,-1,857,252,32,77,31.716
45,-1,1048,134,32,77,85.039
46,-1,828,215,21,50,72.278
46,-1,960,195,21,50,54.953
46,-1,1052,163,21,50,76.204
46,-1,1100,147,21,50,-0.39723
46,-1,484,147,23,55,72.385
46,-1,847,200,23,55,3.2928
46,-1,1039,156,23,55,72.794
46,-1,1052,73,23,55,64.702
46,-1,1065,139,23,55,79.538
46,-1,850,233,39,92,38.317
46,-1,485,1,42,97,34.985
47,-1,484,151,21,50,68.379
47,-1,828,215,21,50,76.175
47,-1,848,207,21,50,35.506
47,-1,960,195,21,50,50.344
47,-1,1052,55,21,50,22.717
47,-1,1052,75,21,50,40.829
47,-1,1052,159,21,50,89.193
47,-1,1060,139,21,50,24.822
47,-1,1068,139,21,50,83.904
47,-1,978,191,23,55,40.848
47,-1,1035,152,23,55,51.553
47,-1,480,23,32,77,8.0063
47,-1,857,252,32,77,30.525
48,-1,484,151,21,50,59.982
48,-1,848,207,21,50,24.838
48,-1,956,195,21,50,75.427
48,-1,1068,139,21,50,87.821
48,-1,825,213,23,55,61.866
48,-1,978,191,23,55,48.449
48,-1,1039,156,23,55,75.08
48,-1,481,19,27,65,7.6289
48,-1,1048,54,32,77,32.613
48,-1,1048,134,32,77,88.998
48,-1,848,234,35,84,28.02
49,-1,484,151,21,50,63.494
49,-1,956,195,21,50,74.19
49,-1,1036,155,21,50,64.512
49,-1,1068,139,21,50,84.553
49,-1,825,213,23,55,99.108
49,-1,978,191,23,55,23.577
49,-1,1051,61,25,59,20.988
49,-1,480,17,32,77,26.059
49,-1,857,252,32,77,32.706
49,-1,1048,134,32,77,85.185
50,-1,824,215,21,50,62.481
50,-1,840,191,21,50,33.878
50,-1,956,195,21,50,58.523
50,-1,976,195,21,50,46.153
50,-1,1036,155,21,50,40.008
50,-1,1048,71,21,50,34.287
50,-1,1068,139,21,50,46.678
50,-1,480,147,23,55,53.282
50,-1,481,19,27,65,34.407
50,-1,857,252,32,77,29.848
50,-1,1048,134,32,77,90.542
51,-1,824,215,21,50,93.049
51,-1,836,195,21,50,44.273
51,-1,956,195,21,50,89.601
51,-1,976,195,21,50,85.229
51,-1,480,147,23,55,77.996
51,-1,1035,156,23,55,68.835
51,-1,1048,64,23,55,25.997
51,-1,1057,139,23,55,62.01
51,-1,1046,146,25,59,65.798
51,-1,480,17,32,77,38.381
51,-1,851,252,32,77,31.496
52,-1,956,199,21,50,78.845
52,-1,976,195,21,50,67.93
52,-1,1048,71,21,50,36.369
52,-1,1052,55,21,50,10.586
52,-1,480,147,23,55,51.614
52,-1,821,213,23,55,83.121
52,-1,838,195,23,55,62.906
52,-1,1035,156,23,55,73.702
52,-1,480,21,30,71,19.765
52,-1,1048,134,32,77,60.471
53,-1,824,215,21,50,96.679
53,-1,840,195,21,50,54.881
53,-1,956,199,21,50,66.934
53,-1,976,195,21,50,51.324
53,-1,1052,55,21,50,15.701
53,-1,480,147,23,55,42.855
53,-1,1030,156,23,55,36.285
53,-1,1061,139,23,55,51.625
53,-1,1042,140,32,77,80.775
54,-1,820,215,21,50,83.925
54,-1,840,195,21,50,46.572
54,-1,956,199,21,50,77.174
54,-1,972,59,21,50,10.322
54,-1,976,199,21,50,64.391
54,-1,1064,143,21,50,38.803
54,-1,1096,147,21,50,53.101
54,-1,476,147,23,55,51.464
54,-1,1046,65,25,59,24.892
54,-1,480,21,30,71,7.2772
54,-1,847,259,30,71,32.408
54,-1,1042,140,32,77,78.894
55,-1,820,215,21,50,91.09
55,-1,952,199,21,50,63.088
55,-1,1032,159,21,50,40.911
55,-1,476,152,23,55,95.761
55,-1,974,195,23,55,42.645
55,-1,1061,139,23,55,20.886
55,-1,837,194,25,59,38.307
55,-1,853,259,30,71,8.5444
55,-1,1042,140,32,77,94.39
55,-1,477,12,35,84,15.871
56,-1,820,215,21,50,92.496
56,-1,952,199,21,50,73.735
56,-1,976,195,21,50,35.39
56,-1,1044,71,21,50,18.215
56,-1,1092,147,21,50,27.646
56,-1,476,152,23,55,95.595
56,-1,1030,156,23,55,34.195
56,-1,1057,139,23,55,87.247
56,-1,834,190,27,65,31.736
56,-1,847,259,30,71,21.33
56,-1,1039,146,30,71,42.412
56,-1,474,17,32,77,5.326
57,-1,820,215,21,50,89.291
57,-1,952,199,21,50,86.541
57,-1,1032,155,21,50,34.264
57,-1,1044,75,21,50,36.531
57,-1,467,152,23,55,26.148
57,-1,476,152,23,55,94.892
57,-1,969,195,23,55,53.443
57,-1,1061,139,23,55,23.346
57,-1,1092,143,23,55,15.74
57,-1,832,194,25,59,53.988
57,-1,474,21,30,71,9.6214
57,-1,1042,134,32,77,87.748
58,-1,472,155,21,50,92.548
58,-1,480,159,21,50,7.4703
58,-1,820,215,21,50,81.302
58,-1,952,199,21,50,61.382
58,-1,972,199,21,50,40.553
58,-1,1048,55,21,50,0.40792
58,-1,1092,147,21,50,56.409
58,-1,834,195,23,55,31.54
58,-1,1061,139,23,55,28.5
58,-1,480,21,30,71,11.39
58,-1,1042,140,32,77,76.954
59,-1,816,215,21,50,113.2
59,-1,952,195,21,50,65.836
59,-1,1032,155,21,50,72.261
59,-1,1040,71,21,50,11.572
59,-1,1092,147,21,50,44.998
59,-1,471,152,23,55,72.426
59,-1,969,195,23,55,36.815
59,-1,1052,139,23,55,68.354
59,-1,1041,151,25,59,21.853
59,-1,829,196,27,65,12.296
59,-1,849,263,27,65,29.947
59,-1,474,23,32,77,6.825
60,-1,816,215,21,50,97.535
60,-1,952,199,21,50,44.041
60,-1,972,199,21,50,25.581
60,-1,1024,163,21,50,18.621
60,-1,1032,155,21,50,76.095
60,-1,1044,71,21,50,16.117
60,-1,1088,147,21,50,65.21
60,-1,1052,139,23,55,84.944
60,-1,470,146,25,59,97.417
60,-1,829,196,27,65,36.297
60,-1,474,21,30,71,7.303
61,-1,468,155,21,50,98.85
61,-1,476,159,21,50,21.543
61,-1,812,219,21,50,83.417
61,-1,948,199,21,50,61.194
61,-1,968,199,21,50,43.422
61,-1,1056,143,21,50,63.72
61,-1,1088,147,21,50,59.224
61,-1,1026,156,23,55,59.171
61,-1,827,194,25,59,47.607
61,-1,474,23,32,77,12.449
61,-1,1036,140,32,77,58.448
62,-1,812,219,21,50,98.353
62,-1,828,199,21,50,8.3869
62,-1,832,211,21,50,44.734
62,-1,948,199,21,50,78.23
62,-1,1004,159,21,50,12.146
62,-1,1056,143,21,50,28.251
62,-1,1088,147,21,50,38.838
62,-1,467,152,23,55,110.95
62,-1,965,195,23,55,48.18
62,-1,1026,156,23,55,80.775
62,-1,1041,56,27,65,12.501
62,-1,474,21,30,71,23.121
62,-1,1036,140,32,77,89.224
63,-1,464,155,21,50,79.67
63,-1,812,215,21,50,84.911
63,-1,832,211,21,50,43.971
63,-1,948,199,21,50,65.579
63,-1,968,199,21,50,48.843
63,-1,1020,163,21,50,19.422
63,-1,1052,143,21,50,76.555
63,-1,1084,143,21,50,30.103
63,-1,825,195,23,55,38.23
63,-1,842,265,25,59,41.834
63,-1,1041,56,25,59,20.63
63,-1,474,21,30,71,18.178
63,-1,1029,140,32,77,93.434
64,-1,464,155,21,50,74.254
64,-1,812,219,21,50,95.03
64,-1,828,211,21,50,58.938
64,-1,948,199,21,50,70.911
64,-1,968,199,21,50,42.74
64,-1,1084,143,21,50,44.494
64,-1,838,270,23,55,33.72
64,-1,1041,56,25,59,22.355
64,-1,474,21,30,71,14.171
64,-1,530,437,32,77,12.451
64,-1,1029,140,32,77,82.936
64,-1,1042,134,32,77,67.105
65,-1,828,211,21,50,49.23
65,-1,948,199,21,50,66.611
65,-1,968,195,21,50,38.158
65,-1,1084,147,21,50,20.743
65,-1,463,152,23,55,62.685
65,-1,812,217,23,55,86.948
65,-1,1026,156,23,55,75.786
65,-1,842,270,25,59,27.473
65,-1,476,19,27,65,37.89
65,-1,530,437,32,77,20.38
65,-1,1036,140,32,77,63.726
66,-1,812,219,21,50,85.432
66,-1,948,199,21,50,71.142
66,-1,968,195,21,50,39.915
66,-1,1056,143,21,50,17.229
66,-1,463,152,23,55,53.207
66,-1,825,195,23,55,47.381
66,-1,838,270,23,55,25.694
66,-1,1039,64,23,55,48.686
66,-1,1087,143,23,55,16.376
66,-1,1022,156,25,59,50.808
66,-1,474,21,30,71,17.758
66,-1,1036,134,32,77,76.081
66,-1,531,436,35,84,21.145
67,-1,812,215,21,50,71.773
67,-1,828,211,21,50,52.404
67,-1,948,199,21,50,88.726
67,-1,968,195,21,50,67.037
67,-1,1056,143,21,50,40.896
67,-1,1092,143,21,50,16.047
67,-1,467,152,23,55,58.18
67,-1,1026,156,23,55,81.67
67,-1,839,263,27,65,26.788
67,-1,1041,56,27,65,17.579
67,-1,474,21,30,71,7.1807
67,-1,536,437,32,77,20.788
67,-1,1036,134,32,77,74.677
68,-1,472,159,21,50,25.657
68,-1,812,215,21,50,74.073
68,-1,948,199,21,50,60.759
68,-1,968,195,21,50,52.308
68,-1,1040,71,21,50,21.755
68,-1,463,152,23,55,68.59
68,-1,829,195,23,55,53.829
68,-1,1026,156,23,55,59.995
68,-1,474,17,32,77,36.715
68,-1,1042,134,32,77,76.254
69,-1,472,159,21,50,39.79
69,-1,812,215,21,50,60.086
69,-1,832,211,21,50,49.996
69,-1,948,199,21,50,80.041
69,-1,968,195,21,50,68.207
69,-1,1004,155,21,50,10.937
69,-1,1020,163,21,50,28.046
69,-1,463,152,23,55,79.317
69,-1,1089,137,25,59,34.285
69,-1,839,263,27,65,13.016
69,-1,1029,134,32,77,93.583
69,-1,1042,134,32,77,68.373
70,-1,828,211,21,50,49.549
70,-1,948,199,21,50,72.566
70,-1,968,195,21,50,68.25
70,-1,1056,143,21,50,53.075
70,-1,463,152,23,55,88.282
70,-1,812,217,23,55,62.256
70,-1,1026,156,23,55,83.64
70,-1,1092,139,23,55,23.29
70,-1,476,19,27,65,17.991
70,-1,839,263,27,65,36.174
70,-1,1036,134,32,77,95.361
71,-1,460,151,21,50,90.541
71,-1,468,159,21,50,28.715
71,-1,812,219,21,50,58.017
71,-1,828,211,21,50,31.822
71,-1,948,199,21,50,81.522
71,-1,1004,155,21,50,7.1952
71,-1,1056,143,21,50,76.614
71,-1,965,195,23,55,64.238
71,-1,1026,156,23,55,102.17
71,-1,1089,137,25,59,43.939
71,-1,836,259,30,71,35.745
71,-1,474,17,32,77,35.796
71,-1,1036,134,32,77,123.6
72,-1,468,159,21,50,29.964
72,-1,812,219,21,50,48.248
72,-1,836,279,21,50,48.699
72,-1,948,199,21,50,70.323
72,-1,1004,155,21,50,16.366
72,-1,1056,143,21,50,76.959
72,-1,458,152,23,55,86.592
72,-1,965,195,23,55,57.893
72,-1,1026,156,23,55,82.01
72,-1,1087,139,23,55,72.739
72,-1,823,196,27,65,40.138
72,-1,1036,134,32,77,128.16
72,-1,545,430,35,84,21.802
72,-1,476,1,39,89,28.451
73,-1,460,155,21,50,87.168
73,-1,468,155,21,50,48.076
73,-1,812,219,21,50,58.359
73,-1,948,199,21,50,83.747
73,-1,968,199,21,50,61.906
73,-1,1016,159,21,50,6.153
73,-1,1056,143,21,50,83.289
73,-1,825,195,23,55,29.745
73,-1,1026,156,23,55,85.916
73,-1,1087,139,23,55,78.434
73,-1,474,17,32,77,43.719
73,-1,548,431,32,77,37.222
73,-1,1036,134,32,77,128.09
73,-1,1104,140,35,84,16.533
74,-1,468,155,21,50,47.745
74,-1,812,219,21,50,53.061
74,-1,948,199,21,50,62.182
74,-1,968,199,21,50,61.988
74,-1,1056,143,21,50,71.73
74,-1,458,152,23,55,72.47
74,-1,1087,139,23,55,61.838
74,-1,1022,156,25,59,84.383
74,-1,480,17,32,77,37.337
74,-1,826,190,32,77,7.9469
74,-1,1036,134,32,77,132.22
74,-1,545,430,35,84,27.549
75,-1,456,155,21,50,85.041
75,-1,464,155,21,50,71.742
75,-1,812,219,21,50,87.417
75,-1,952,199,21,50,54.264
75,-1,1004,155,21,50,24.022
75,-1,1020,163,21,50,42.606
75,-1,1028,155,21,50,52.621
75,-1,1056,143,21,50,66.74
75,-1,965,195,23,55,47.927
75,-1,1087,139,23,55,42.828
75,-1,481,19,27,65,30.276
75,-1,1036,134,32,77,125.04
75,-1,545,430,35,84,42.365
76,-1,952,199,21,50,59.651
76,-1,968,199,21,50,79.317
76,-1,1004,159,21,50,25.281
76,-1,1056,143,21,50,75.5
76,-1,458,152,23,55,101.38
76,-1,808,217,23,55,75.365
76,-1,1022,156,23,55,66.004
76,-1,1087,139,23,55,44.839
76,-1,481,19,27,65,31.779
76,-1,548,431,32,77,35.04
76,-1,1036,134,32,77,136.44
77,-1,812,219,21,50,67.339
77,-1,824,215,21,50,14.128
77,-1,948,199,21,50,83.375
77,-1,968,199,21,50,77.208
77,-1,1052,143,21,50,109.95
77,-1,454,152,23,55,85.285
77,-1,1017,156,23,55,18.476
77,-1,1087,139,23,55,49.996
77,-1,1108,137,25,59,8.5615
77,-1,474,17,32,77,19.848
77,-1,1029,140,32,77,86.064
77,-1,545,430,35,84,29.893
78,-1,824,215,21,50,35.074
78,-1,948,199,21,50,71.069
78,-1,968,199,21,50,78.38
78,-1,1016,163,21,50,21.981
78,-1,454,152,23,55,83.507
78,-1,808,217,23,55,75.038
78,-1,1026,156,23,55,60.65
78,-1,837,270,25,59,53.858
78,-1,1084,137,25,59,43.194
78,-1,474,17,32,77,43.493
78,-1,1036,134,32,77,117.95
78,-1,545,430,35,84,37.832
79,-1,456,155,21,50,90.198
79,-1,808,219,21,50,93.549
79,-1,948,199,21,50,57.534
79,-1,964,199,21,50,76.149
79,-1,1000,155,21,50,20.968
79,-1,1048,143,21,50,74.162
79,-1,1083,139,23,55,68.376
79,-1,1092,143,23,55,19.711
79,-1,823,204,25,59,46.675
79,-1,837,265,25,59,34.166
79,-1,1018,156,25,59,39.157
79,-1,1103,137,25,59,6.1548
79,-1,474,17,32,77,30.98
79,-1,1029,140,32,77,106.44
79,-1,552,430,35,84,21.849
80,-1,452,155,21,50,82.754
80,-1,460,163,21,50,54.387
80,-1,836,275,21,50,27.484
80,-1,944,203,21,50,84.518
80,-1,964,199,21,50,73.925
80,-1,803,217,23,55,88.893
80,-1,1013,156,23,55,16.286
80,-1,1083,139,23,55,57.808
80,-1,819,197,30,71,26.344
80,-1,474,17,32,77,61.973
80,-1,1023,140,32,77,68.799
80,-1,1036,134,32,77,84.88
80,-1,549,424,39,92,31.457
81,-1,452,155,21,50,103.03
81,-1,460,159,21,50,43.173
81,-1,944,203,21,50,105.06
81,-1,964,199,21,50,52.88
81,-1,1012,167,21,50,32.566
81,-1,1048,143,21,50,32.11
81,-1,803,217,23,55,101.84
81,-1,1083,143,23,55,69.75
81,-1,1108,137,25,59,12.057
81,-1,818,201,27,65,34.367
81,-1,474,21,30,71,22.401
81,-1,1029,140,32,77,81.697
81,-1,552,430,35,84,54.362
81,-1,828,248,35,84,54.897
82,-1,460,163,21,50,44.735
82,-1,944,203,21,50,92.429
82,-1,964,203,21,50,69.589
82,-1,1000,159,21,50,19.457
82,-1,1048,147,21,50,70.784
82,-1,449,156,23,55,78.341
82,-1,803,222,23,55,78.013
82,-1,1017,160,23,55,48.458
82,-1,1083,143,23,55,106.06
82,-1,476,25,27,65,18.742
82,-1,818,201,27,65,70.538
82,-1,829,268,27,65,49.55
82,-1,1029,140,32,77,110.2
82,-1,552,430,35,84,77.978
83,-1,448,159,21,50,81.896
83,-1,456,163,21,50,27.976
83,-1,804,223,21,50,91.378
83,-1,944,207,21,50,81.702
83,-1,964,203,21,50,66.701
83,-1,1000,163,21,50,40.783
83,-1,1012,167,21,50,26.832
83,-1,1020,163,21,50,38.303
83,-1,1048,147,21,50,98.654
83,-1,1083,143,23,55,44.243
83,-1,474,23,32,77,52.334
83,-1,1029,140,32,77,125.02
83,-1,552,430,35,84,61.025
84,-1,804,223,21,50,65.468
84,-1,944,207,21,50,91.208
84,-1,1000,163,21,50,18.408
84,-1,1020,163,21,50,45.32
84,-1,1048,151,21,50,64.854
84,-1,445,156,23,55,65.113
84,-1,961,204,23,55,32.07
84,-1,1078,147,23,55,87.586
84,-1,832,275,25,59,43.299
84,-1,474,23,32,77,58.93
84,-1,813,196,32,77,30.893
84,-1,1029,140,32,77,104.62
84,-1,558,430,35,84,69.02
85,-1,456,167,21,50,47.468
85,-1,804,223,21,50,59.269
85,-1,944,207,21,50,71.061
85,-1,964,203,21,50,56.898
85,-1,1000,163,21,50,0.75548
85,-1,1048,151,21,50,63.547
85,-1,1088,151,21,50,39.051
85,-1,445,160,23,55,97.546
85,-1,1017,160,23,55,45.303
85,-1,1078,147,23,55,73.518
85,-1,827,275,25,59,33.533
85,-1,813,201,27,65,48.359
85,-1,474,23,32,77,44.547
85,-1,1029,140,32,77,87.889
85,-1,558,430,35,84,89.105
86,-1,800,223,21,50,58.399
86,-1,944,207,21,50,96.911
86,-1,964,207,21,50,32.338
86,-1,1000,163,21,50,12.032
86,-1,1048,151,21,50,64.926
86,-1,1022,69,23,55,13.747
86,-1,1078,147,23,55,75.359
86,-1,447,156,25,59,92.408
86,-1,1018,161,25,59,64.57
86,-1,813,201,27,65,42.849
86,-1,829,268,27,65,27.307
86,-1,474,23,32,77,19.588
86,-1,1029,140,32,77,81.445
86,-1,558,430,35,84,100.17
87,-1,944,207,21,50,94.942
87,-1,996,163,21,50,14.64
87,-1,1012,167,21,50,9.3098
87,-1,1020,163,21,50,62.01
87,-1,1048,151,21,50,66.366
87,-1,445,160,23,55,76.996
87,-1,454,160,23,55,41.983
87,-1,803,226,23,55,61.356
87,-1,961,204,23,55,52.672
87,-1,1078,147,23,55,75.637
87,-1,813,201,27,65,42.64
87,-1,829,268,27,65,23.696
87,-1,1020,66,27,65,31.641
87,-1,474,23,32,77,52.082
87,-1,1029,147,32,77,77.008
87,-1,558,430,35,84,64.225
88,-1,804,223,21,50,88.687
88,-1,944,207,21,50,102.32
88,-1,1020,163,21,50,88.722
88,-1,1044,151,21,50,85.554
88,-1,445,160,23,55,96.542
88,-1,454,160,23,55,15.29
88,-1,961,204,23,55,76.819
88,-1,1026,152,23,55,40.429
88,-1,1035,143,23,55,54.358
88,-1,1078,147,23,55,94.898
88,-1,813,201,27,65,33.052
88,-1,829,268,27,65,23.9
88,-1,474,17,32,77,50.353
88,-1,564,424,39,92,61.596
89,-1,800,227,21,50,82.406
89,-1,944,207,21,50,89.291
89,-1,1044,151,21,50,87.92
89,-1,1104,151,21,50,24.092
89,-1,445,160,23,55,85.077
89,-1,961,204,23,55,64.963
89,-1,1022,69,23,55,29.37
89,-1,1078,147,23,55,68.423
89,-1,813,201,27,65,31.613
89,-1,474,23,32,77,53
89,-1,1023,147,32,77,94.415
89,-1,565,430,35,84,52.259
89,-1,821,248,39,92,10.202
90,-1,444,163,21,50,78.778
90,-1,452,167,21,50,39.143
90,-1,944,207,21,50,83.276
90,-1,960,207,21,50,71.41
90,-1,976,171,21,50,6.6015
90,-1,1012,171,21,50,10.959
90,-1,1024,71,21,50,29.896
90,-1,1092,147,21,50,16.968
90,-1,799,226,23,55,57.3
90,-1,1044,147,23,55,74.101
90,-1,1078,152,23,55,71.123
90,-1,818,204,25,59,8.532
90,-1,476,30,27,65,48.195
90,-1,824,270,30,71,5.8416
90,-1,1023,147,32,77,80.506
90,-1,565,430,35,84,48.008
91,-1,804,227,21,50,73.123
91,-1,944,207,21,50,60.654
91,-1,964,207,21,50,60.697
91,-1,1012,171,21,50,28.668
91,-1,1024,71,21,50,25.208
91,-1,1044,151,21,50,88.39
91,-1,1092,151,21,50,32.467
91,-1,1104,151,21,50,59.954
91,-1,445,160,23,55,94.141
91,-1,816,204,23,55,28.056
91,-1,1078,152,23,55,74.004
91,-1,480,32,25,59,23.998
91,-1,1023,147,32,77,77.857
91,-1,565,430,35,84,54.963
92,-1,452,171,21,50,28.526
92,-1,804,227,21,50,78.935
92,-1,944,211,21,50,88.377
92,-1,1048,151,21,50,48.793
92,-1,1104,151,21,50,56.046
92,-1,441,160,23,55,85.417
92,-1,816,209,23,55,33.349
92,-1,961,209,23,55,50.175
92,-1,1013,169,23,55,15.022
92,-1,1078,152,23,55,74.232
92,-1,481,30,27,65,19.771
92,-1,1020,66,27,65,20.596
92,-1,1029,147,32,77,96.51
92,-1,571,431,39,92,22.503
93,-1,444,167,21,50,79.263
93,-1,452,167,21,50,81.338
93,-1,800,227,21,50,64.734
93,-1,944,211,21,50,89.645
93,-1,1048,151,21,50,36.615
93,-1,1104,151,21,50,53.678
93,-1,816,209,23,55,21.328
93,-1,961,209,23,55,64.656
93,-1,1078,152,23,55,70.747
93,-1,1018,165,25,59,51.962
93,-1,480,27,30,71,7.3069
93,-1,1029,147,32,77,104.87
93,-1,571,431,39,92,38.579
94,-1,440,163,21,50,69.67
94,-1,448,167,21,50,82.167
94,-1,800,231,21,50,71.994
94,-1,944,211,21,50,98.647
94,-1,964,211,21,50,64.203
94,-1,1016,167,21,50,37.553
94,-1,1048,151,21,50,39.984
94,-1,1104,151,21,50,58.703
94,-1,816,209,23,55,52.063
94,-1,1078,152,23,55,81.157
94,-1,1029,147,32,77,109.99
94,-1,572,430,35,84,39.697
95,-1,800,231,21,50,66.358
95,-1,944,211,21,50,83.461
95,-1,1044,151,21,50,89.811
95,-1,1080,155,21,50,120.97
95,-1,1104,151,21,50,44.173
95,-1,441,165,23,55,62.173
95,-1,816,209,23,55,53.025
95,-1,961,209,23,55,59.185
95,-1,1013,169,23,55,22.361
95,-1,1022,70,25,59,31.116
95,-1,481,30,27,65,25.724
95,-1,1023,147,32,77,71.697
95,-1,572,430,35,84,25.571
96,-1,440,163,21,50,62.198
96,-1,448,167,21,50,36.903
96,-1,944,211,21,50,72.565
96,-1,960,207,21,50,78.236
96,-1,1044,151,21,50,95.882
96,-1,1080,155,21,50,88.576
96,-1,1100,151,21,50,70.112
96,-1,795,226,23,55,64.067
96,-1,812,209,23,55,64.487
96,-1,1013,165,25,59,21.846
96,-1,480,27,30,71,15.892
96,-1,1023,147,32,77,83.265
96,-1,572,430,35,84,41.962
97,-1,444,171,21,50,23.446
97,-1,944,211,21,50,75.828
97,-1,960,211,21,50,83.309
97,-1,996,167,21,50,43.335
97,-1,1020,75,21,50,20.396
97,-1,1088,151,21,50,18.464
97,-1,1100,151,21,50,71.114
97,-1,436,160,23,55,64.11
97,-1,795,226,23,55,62.342
97,-1,812,209,23,55,49.753
97,-1,1009,169,23,55,28.697
97,-1,1078,152,23,55,86.563
97,-1,1018,165,25,59,59.96
97,-1,476,35,27,65,7.7166
97,-1,820,245,32,77,25.893
97,-1,1029,147,32,77,103.99
97,-1,579,424,39,92,41.493
98,-1,436,163,21,50,53.243
98,-1,444,167,21,50,34.046
98,-1,796,231,21,50,53.841
98,-1,944,211,21,50,65.408
98,-1,960,211,21,50,71.831
98,-1,1076,155,21,50,73.998
98,-1,1100,151,21,50,70.738
98,-1,812,209,23,55,51.145
98,-1,1009,169,23,55,18.439
98,-1,1026,169,23,55,91.807
98,-1,1030,147,23,55,31.223
98,-1,1039,152,23,55,65.997
98,-1,820,245,32,77,18.584
98,-1,579,424,39,92,12.515
99,-1,436,163,21,50,21.441
99,-1,796,231,21,50,55.802
99,-1,940,211,21,50,66.443
99,-1,960,211,21,50,75.583
99,-1,1096,151,21,50,71.26
99,-1,812,209,23,55,32.888
99,-1,1017,73,23,55,4.2052
99,-1,1074,152,23,55,41.596
99,-1,1013,165,25,59,48.132
99,-1,480,27,30,71,3.0096
99,-1,1023,147,32,77,111.04
99,-1,572,423,35,84,18.549
100,-1,796,231,21,50,79.567
100,-1,940,211,21,50,81.367
100,-1,956,211,21,50,69.586
100,-1,992,167,21,50,12.602
100,-1,1044,63,21,50,9.4544
100,-1,1096,151,21,50,70.829
100,-1,441,169,23,55,29.433
100,-1,808,209,23,55,36.925
100,-1,1009,169,23,55,59.215
100,-1,1070,152,23,55,46.666
100,-1,432,161,25,59,40.129
100,-1,474,23,32,77,27.318
100,-1,1023,147,32,77,140.11
100,-1,579,423,35,84,15.432
101,-1,432,167,21,50,53.065
101,-1,440,171,21,50,57.097
101,-1,940,211,21,50,92.145
101,-1,956,211,21,50,88.817
101,-1,972,175,21,50,15.094
101,-1,992,167,21,50,33.281
101,-1,1096,151,21,50,77.523
101,-1,790,230,23,55,64.391
101,-1,808,209,23,55,20.574
101,-1,1009,169,23,55,77.62
101,-1,1070,152,23,55,62.103
101,-1,474,27,30,71,24.87
101,-1,1023,147,32,77,125.37
101,-1,813,248,39,92,31.61
102,-1,428,163,21,50,38.728
102,-1,440,167,21,50,33.077
102,-1,792,231,21,50,66.334
102,-1,940,211,21,50,72.546
102,-1,972,175,21,50,39.419
102,-1,1096,155,21,50,40.566
102,-1,808,209,23,55,22.349
102,-1,956,209,23,55,73.095
102,-1,1004,169,23,55,74.099
102,-1,1070,152,23,55,53.308
102,-1,474,27,30,71,17.337
102,-1,1023,147,32,77,116.04
102,-1,579,423,35,84,11.287
102,-1,813,248,39,92,17.208
103,-1,428,163,21,50,61.225
103,-1,436,171,21,50,22.561
103,-1,936,215,21,50,84.077
103,-1,988,167,21,50,9.5164
103,-1,1000,171,21,50,23.792
103,-1,1008,171,21,50,67.222
103,-1,1096,151,21,50,39.858
103,-1,790,230,23,55,64.547
103,-1,952,209,23,55,81.076
103,-1,1065,152,23,55,52.418
103,-1,1074,152,23,55,6.8721
103,-1,474,27,30,71,5.6695
103,-1,813,252,32,77,24.433
103,-1,1016,147,35,84,122.15
104,-1,428,163,21,50,70.644
104,-1,788,231,21,50,89.676
104,-1,936,211,21,50,86.174
104,-1,952,211,21,50,76.389
104,-1,1092,151,21,50,68.857
104,-1,987,165,23,55,18.852
104,-1,1004,165,23,55,74.459
104,-1,1065,146,25,59,50.293
104,-1,471,30,27,65,9.3642
104,-1,1017,147,32,77,113.66
104,-1,1029,147,32,77,7.5995
104,-1,579,417,39,92,17.233
105,-1,432,171,21,50,43.014
105,-1,788,231,21,50,92.432
105,-1,936,211,21,50,60.732
105,-1,952,211,21,50,90.064
105,-1,1000,171,21,50,86.754
105,-1,1092,151,21,50,53.469
105,-1,423,160,23,55,78.58
105,-1,803,209,23,55,32.592
105,-1,818,275,25,59,15.672
105,-1,1061,146,25,59,67.951
105,-1,468,27,30,71,1.3641
105,-1,1017,147,32,77,127
105,-1,585,423,35,84,28.475
106,-1,784,231,21,50,79.083
106,-1,932,211,21,50,103.75
106,-1,952,211,21,50,70.983
106,-1,1088,151,21,50,74.805
106,-1,423,160,23,55,63.78
106,-1,995,169,23,55,77.237
106,-1,1004,165,23,55,60.373
106,-1,1061,146,25,59,96.82
106,-1,818,273,27,65,30.362
106,-1,468,27,30,71,8.6616
106,-1,1017,147,32,77,117.2
106,-1,579,417,39,92,42.169
107,-1,784,231,21,50,87.672
107,-1,932,211,21,50,95.883
107,-1,984,167,21,50,31.377
107,-1,1088,151,21,50,78.104
107,-1,419,160,23,55,75.086
107,-1,428,165,23,55,19.76
107,-1,799,209,23,55,23.307
107,-1,947,209,23,55,74.561
107,-1,995,169,23,55,105.02
107,-1,1061,146,25,59,101.12
107,-1,813,270,30,71,18.291
107,-1,468,23,32,77,38.717
107,-1,1010,147,35,84,116.7
107,-1,1023,147,35,84,16.278
107,-1,579,417,39,92,37.88
108,-1,420,163,21,50,89.461
108,-1,780,231,21,50,95.259
108,-1,932,211,21,50,81.275
108,-1,948,211,21,50,92.86
108,-1,984,167,21,50,5.422
108,-1,1088,151,21,50,37.435
108,-1,428,165,23,55,32.167
108,-1,799,209,23,55,46.736
108,-1,995,169,23,55,93.816
108,-1,1061,146,25,59,97.332
108,-1,813,273,27,65,28.514
108,-1,468,27,30,71,23.274
108,-1,1011,147,32,77,139.38
108,-1,579,417,39,92,27.819
109,-1,928,215,21,50,83.335
109,-1,948,211,21,50,101.32
109,-1,1072,151,21,50,10.198
109,-1,1088,151,21,50,34.28
109,-1,419,160,23,55,86.074
109,-1,777,230,23,55,90.009
109,-1,1057,152,23,55,48.82
109,-1,794,208,25,59,42.634
109,-1,994,165,25,59,88.606
109,-1,813,273,27,65,32.905
109,-1,468,27,30,71,27.676
109,-1,1011,147,32,77,118.39
109,-1,579,417,39,92,13.021
110,-1,816,275,21,50,42.769
110,-1,928,211,21,50,96.528
110,-1,948,211,21,50,92.438
110,-1,980,167,21,50,23.877
110,-1,1036,63,21,50,25.465
110,-1,1084,151,21,50,40.706
110,-1,419,165,23,55,45.699
110,-1,777,230,23,55,86.903
110,-1,1057,152,23,55,91.51
110,-1,794,208,25,59,32.3
110,-1,994,165,25,59,76.211
110,-1,1011,147,32,77,111.79
110,-1,464,25,35,84,25.478
110,-1,579,417,39,92,30.317
111,-1,776,231,21,50,94.001
111,-1,928,211,21,50,78.161
111,-1,948,211,21,50,91.589
111,-1,980,167,21,50,27.241
111,-1,1084,151,21,50,54.74
111,-1,419,160,23,55,39.47
111,-1,995,169,23,55,56.755
111,-1,1056,146,25,59,75.868
111,-1,813,273,27,65,57.162
111,-1,468,23,32,77,12.434
111,-1,1011,147,32,77,135.33
111,-1,579,417,39,92,24.977
112,-1,776,231,21,50,155.09
112,-1,928,211,21,50,72.773
112,-1,948,211,21,50,91.252
112,-1,996,171,21,50,43.073
112,-1,1036,59,21,50,5.1112
112,-1,1084,155,21,50,76.873
112,-1,1009,169,23,55,110.02
112,-1,1017,147,23,55,77.005
112,-1,418,161,25,59,48.993
112,-1,794,208,25,59,22.128
112,-1,813,275,25,59,75.348
112,-1,1056,146,25,59,80.777
112,-1,585,416,35,84,55.417
113,-1,420,171,21,50,25.394
113,-1,924,215,21,50,83.814
113,-1,944,211,21,50,56.979
113,-1,976,167,21,50,42.402
113,-1,1056,151,21,50,84.625
113,-1,1084,151,21,50,34.301
113,-1,773,230,23,55,134.3
113,-1,812,278,23,55,56.023
113,-1,991,169,23,55,39.751
113,-1,462,23,32,77,63.144
113,-1,585,418,32,77,52.423
113,-1,1003,147,35,84,106.18
114,-1,924,215,21,50,104.53
114,-1,992,171,21,50,50.996
114,-1,1008,175,21,50,99.648
114,-1,1016,151,21,50,60.679
114,-1,1056,151,21,50,98.184
114,-1,1080,155,21,50,38.321
114,-1,773,230,23,55,107.67
114,-1,943,209,23,55,75.323
114,-1,813,273,27,65,96.551
114,-1,462,23,32,77,36.936
114,-1,591,418,32,77,71.522
115,-1,772,231,21,50,140.43
115,-1,924,215,21,50,117.6
115,-1,944,211,21,50,87.289
115,-1,976,167,21,50,33.265
115,-1,1036,63,21,50,19.05
115,-1,1080,151,21,50,38.282
115,-1,987,169,23,55,23.033
115,-1,1052,152,23,55,79.056
115,-1,413,161,25,59,9.5124
115,-1,808,273,27,65,84.704
115,-1,462,23,32,77,54.599
115,-1,1005,147,32,77,98.182
115,-1,585,416,35,84,90.486
116,-1,924,215,21,50,117.26
116,-1,944,211,21,50,74.615
116,-1,976,171,21,50,39.144
116,-1,1080,155,21,50,34.225
116,-1,406,160,23,55,36.067
116,-1,768,230,23,55,95.855
116,-1,1052,152,23,55,88.708
116,-1,789,208,25,59,37.787
116,-1,989,165,25,59,58.664
116,-1,808,273,27,65,65.737
116,-1,462,23,32,77,53.108
116,-1,1005,147,32,77,92.066
116,-1,585,416,35,84,79.879
117,-1,408,167,21,50,21.45
117,-1,924,215,21,50,120.42
117,-1,976,171,21,50,47.818
117,-1,1080,155,21,50,47.002
117,-1,768,230,23,55,109.7
117,-1,943,209,23,55,67.882
117,-1,987,169,23,55,58.599
117,-1,1052,152,23,55,80.196
117,-1,808,273,27,65,60.324
117,-1,462,23,32,77,57.502
117,-1,592,416,35,84,85.99
117,-1,781,207,35,84,30.785
117,-1,1003,147,35,84,88.482
118,-1,924,215,21,50,104.61
118,-1,948,211,21,50,71.148
118,-1,980,171,21,50,23.606
118,-1,1036,59,21,50,5.1598
118,-1,1084,155,21,50,17.257
118,-1,768,230,23,55,105.74
118,-1,991,169,23,55,59.994
118,-1,1052,152,23,55,74.729
118,-1,1061,152,23,55,1.4808
118,-1,406,153,32,77,30.463
118,-1,813,270,32,77,43.289
118,-1,1005,147,32,77,84.571
118,-1,464,25,35,84,59.421
118,-1,592,416,35,84,68.531
118,-1,781,207,35,84,45.776
119,-1,772,231,21,50,110.21
119,-1,924,215,21,50,97.854
119,-1,948,211,21,50,66.648
119,-1,1056,159,21,50,46.39
119,-1,1084,151,21,50,21.627
119,-1,991,169,23,55,61.045
119,-1,813,273,27,65,54.586
119,-1,406,153,32,77,40.157
119,-1,468,23,32,77,50.413
119,-1,598,412,32,77,68.003
119,-1,1005,147,32,77,70.049
119,-1,781,207,35,84,67.371
120,-1,924,215,21,50,116.22
120,-1,976,171,21,50,55.807
120,-1,1080,155,21,50,40.071
120,-1,768,230,23,55,134.29
120,-1,943,209,23,55,43.114
120,-1,987,169,23,55,56.986
120,-1,1051,151,25,59,64.371
120,-1,808,273,27,65,23.806
120,-1,406,153,32,77,37.395
120,-1,598,412,32,77,80.586
120,-1,781,207,35,84,50.466
120,-1,1003,147,35,84,72.712
121,-1,924,215,21,50,103.97
121,-1,944,211,21,50,39.94
121,-1,972,167,21,50,40.843
121,-1,1036,59,21,50,9.6806
121,-1,1080,155,21,50,58.576
121,-1,768,230,23,55,113.07
121,-1,987,169,23,55,49.806
121,-1,1052,152,23,55,68.208
121,-1,404,165,25,59,47.57
121,-1,808,273,27,65,37.054
121,-1,462,23,32,77,27.046
121,-1,598,412,32,77,78.992
121,-1,783,208,32,77,37.448
121,-1,1005,147,32,77,80.567
122,-1,768,231,21,50,133.04
122,-1,924,215,21,50,85.233
122,-1,944,211,21,50,44.261
122,-1,1080,155,21,50,67.735
122,-1,974,169,23,55,26.056
122,-1,987,169,23,55,51.506
122,-1,1052,152,23,55,66.915
122,-1,808,273,27,65,36.027
122,-1,400,153,32,77,66.322
122,-1,462,23,32,77,45.714
122,-1,776,215,32,77,55
122,-1,999,147,32,77,86.501
122,-1,593,409,39,92,67.764
123,-1,768,231,21,50,134.02
123,-1,924,215,21,50,98.723
123,-1,944,211,21,50,45.945
123,-1,1036,59,21,50,6.0448
123,-1,1080,155,21,50,56.417
123,-1,401,160,23,55,35.832
123,-1,410,174,23,55,39.21
123,-1,808,278,23,55,41.761
123,-1,987,169,23,55,63.619
123,-1,1052,152,23,55,76.402
123,-1,462,23,32,77,37.271
123,-1,776,208,32,77,47.025
123,-1,999,147,32,77,99.137
123,-1,601,409,39,92,48.225
124,-1,924,211,21,50,77.907
124,-1,944,211,21,50,87.207
124,-1,972,163,21,50,23.965
124,-1,1080,151,21,50,68.832
124,-1,410,174,23,55,30.914
124,-1,764,230,23,55,144.88
124,-1,813,275,25,59,41.972
124,-1,984,165,25,59,41.209
124,-1,1051,146,25,59,70.716
124,-1,463,21,30,71,36.792
124,-1,394,147,32,77,47.117
124,-1,776,208,32,77,56.208
124,-1,999,147,32,77,104.51
124,-1,1011,147,32,77,18.552
124,-1,599,409,35,84,78.547
125,-1,920,211,21,50,52.865
125,-1,944,211,21,50,56.588
125,-1,972,167,21,50,32.072
125,-1,1080,151,21,50,65.304
125,-1,397,160,23,55,72.799
125,-1,410,174,23,55,43.705
125,-1,764,230,23,55,114.23
125,-1,808,275,25,59,44.768
125,-1,984,165,25,59,45.898
125,-1,1051,146,25,59,60.959
125,-1,462,23,32,77,22.2
125,-1,776,208,32,77,78.837
125,-1,999,147,32,77,79.356
125,-1,599,409,35,84,78.692
126,-1,920,211,21,50,106.63
126,-1,1080,151,21,50,40.555
126,-1,397,160,23,55,79.847
126,-1,406,169,23,55,69.396
126,-1,808,278,23,55,47.034
126,-1,939,209,23,55,69.63
126,-1,982,165,23,55,40.847
126,-1,761,227,25,59,101.29
126,-1,1046,146,25,59,67.834
126,-1,1099,165,25,59,0.34871
126,-1,999,147,32,77,94.161
126,-1,599,409,35,84,50.448
126,-1,774,207,35,84,53.325
127,-1,760,231,21,50,116.18
127,-1,916,211,21,50,88.036
127,-1,1076,151,21,50,38.926
127,-1,393,160,23,55,79.998
127,-1,401,169,23,55,72.612
127,-1,803,274,23,55,37.086
127,-1,939,209,23,55,64.591
127,-1,1044,147,23,55,40.576
127,-1,980,161,25,59,33.965
127,-1,461,25,27,65,24.563
127,-1,770,208,32,77,56.022
127,-1,992,147,32,77,96.561
127,-1,599,409,35,84,67.219
128,-1,756,231,21,50,86.228
128,-1,916,211,21,50,87.207
128,-1,936,211,21,50,94.323
128,-1,1044,155,21,50,55.071
128,-1,1072,151,21,50,71.226
128,-1,388,160,23,55,128.69
128,-1,397,169,23,55,75.966
128,-1,978,165,23,55,50.639
128,-1,461,25,27,65,5.7155
128,-1,770,208,32,77,60.145
128,-1,992,147,32,77,94.513
128,-1,599,409,35,84,45.098
129,-1,396,171,21,50,45.941
129,-1,756,231,21,50,88.984
129,-1,912,215,21,50,76.296
129,-1,964,167,21,50,33.46
129,-1,1040,155,21,50,37.46
129,-1,1072,151,21,50,49.923
129,-1,388,160,23,55,112.36
129,-1,777,209,23,55,64.891
129,-1,934,209,23,55,69.25
129,-1,770,227,25,59,87.18
129,-1,975,165,25,59,50.764
129,-1,457,21,30,71,58.344
129,-1,795,270,32,77,39.549
129,-1,992,147,32,77,71.869
129,-1,593,402,39,92,37.478
130,-1,756,231,21,50,87.452
130,-1,776,207,21,50,47.708
130,-1,912,211,21,50,73.39
130,-1,932,211,21,50,91.021
130,-1,1000,147,21,50,24.037
130,-1,1036,155,21,50,53.64
130,-1,1044,151,21,50,32.198
130,-1,1068,151,21,50,52.867
130,-1,385,161,25,59,106.78
130,-1,770,227,25,59,82.059
130,-1,975,165,25,59,66.305
130,-1,393,164,27,65,14.626
130,-1,989,159,27,65,103.45
130,-1,457,21,30,71,47.946
130,-1,795,270,32,77,45.872
130,-1,593,402,39,92,33.564
131,-1,912,211,21,50,75.884
131,-1,932,211,21,50,102.38
131,-1,960,167,21,50,15.081
131,-1,1036,155,21,50,47.387
131,-1,1044,147,21,50,11.534
131,-1,1068,151,21,50,70.224
131,-1,384,165,23,55,98.974
131,-1,393,169,23,55,79.447
131,-1,751,230,23,55,92.257
131,-1,768,230,23,55,66.392
131,-1,974,169,23,55,47.631
131,-1,1000,147,23,55,30.782
131,-1,770,208,25,59,39.883
131,-1,989,159,27,65,87.852
131,-1,456,17,32,77,16.799
131,-1,795,270,32,77,29.497
131,-1,599,403,35,84,52.121
132,-1,392,175,21,50,86.678
132,-1,908,215,21,50,71.749
132,-1,932,211,21,50,124.56
132,-1,1068,151,21,50,70.383
132,-1,458,43,23,55,9.5959
132,-1,746,230,23,55,44.778
132,-1,773,209,23,55,55.323
132,-1,974,165,23,55,48.206
132,-1,1039,147,23,55,25.137
132,-1,380,161,25,59,73.532
132,-1,766,227,25,59,70.199
132,-1,795,270,32,77,46.44
132,-1,986,147,32,77,87.294
132,-1,599,403,35,84,44.38
133,-1,392,175,21,50,81.745
133,-1,908,211,21,50,62.402
133,-1,1064,147,21,50,49.532
133,-1,380,160,23,55,101.61
133,-1,746,230,23,55,103.02
133,-1,930,209,23,55,61.318
133,-1,987,169,23,55,80.444
133,-1,1039,147,23,55,25.398
133,-1,766,227,25,59,86.11
133,-1,770,208,25,59,38.878
133,-1,970,165,25,59,34.31
133,-1,994,146,25,59,41.47
133,-1,789,270,32,77,50.385
133,-1,599,403,35,84,49.491
134,-1,908,211,21,50,91.414
134,-1,928,211,21,50,88.206
134,-1,956,167,21,50,7.8865
134,-1,1032,155,21,50,23.776
134,-1,1064,151,21,50,57.542
134,-1,380,160,23,55,109.7
134,-1,388,169,23,55,76.009
134,-1,746,230,23,55,88.2
134,-1,768,209,23,55,37.57
134,-1,1039,147,23,55,5.0577
134,-1,970,165,25,59,51.541
134,-1,761,227,27,65,46.007
134,-1,456,17,32,77,11.598
134,-1,795,270,32,77,45.951
134,-1,986,147,32,77,80.889
134,-1,599,403,35,84,37.558
135,-1,748,231,21,50,84.141
135,-1,764,231,21,50,47.372
135,-1,772,207,21,50,23.956
135,-1,908,211,21,50,63.506
135,-1,956,167,21,50,40.677
135,-1,996,147,21,50,29.67
135,-1,1064,151,21,50,69.487
135,-1,380,160,23,55,87.276
135,-1,388,169,23,55,55.092
135,-1,926,209,23,55,107.31
135,-1,974,165,23,55,52.241
135,-1,1035,147,23,55,21.395
135,-1,984,159,27,65,108.85
135,-1,451,21,30,71,31.065
135,-1,789,270,32,77,64.032
135,-1,605,403,35,84,51.332
136,-1,764,231,21,50,61.174
136,-1,908,211,21,50,89.468
136,-1,940,175,21,50,30.132
136,-1,956,167,21,50,45.481
136,-1,996,147,21,50,21.643
136,-1,1036,147,21,50,50.779
136,-1,1064,151,21,50,72.643
136,-1,375,160,23,55,97.19
136,-1,388,169,23,55,30.539
136,-1,742,230,23,55,92.775
136,-1,768,209,23,55,17.417
136,-1,926,209,23,55,99.353
136,-1,969,165,23,55,48.401
136,-1,984,159,27,65,105.6
136,-1,451,21,30,71,20.12
136,-1,789,270,32,77,75.974
136,-1,605,403,35,84,56.529
137,-1,388,171,21,50,26.352
137,-1,908,211,21,50,84.753
137,-1,928,211,21,50,84.077
137,-1,952,167,21,50,19.587
137,-1,976,175,21,50,24.566
137,-1,1028,155,21,50,10.219
137,-1,1064,151,21,50,65.391
137,-1,375,160,23,55,97.016
137,-1,742,230,23,55,91.045
137,-1,768,209,23,55,32.577
137,-1,995,147,23,55,8.9038
137,-1,1035,147,23,55,54.015
137,-1,984,159,27,65,116.99
137,-1,789,270,32,77,49.043
137,-1,599,403,35,84,30.15
138,-1,384,175,21,50,54.011
138,-1,904,215,21,50,94.306
138,-1,924,211,21,50,92.325
138,-1,952,163,21,50,15.311
138,-1,1028,155,21,50,44.652
138,-1,1064,151,21,50,78.451
138,-1,375,160,23,55,104.87
138,-1,742,230,23,55,95.084
138,-1,760,230,23,55,27.994
138,-1,1035,147,23,55,41.8
138,-1,970,165,25,59,72.949
138,-1,994,146,25,59,20.766
138,-1,792,273,27,65,46.293
138,-1,980,153,32,77,113.57
138,-1,605,403,35,84,41.714
139,-1,380,167,21,50,53.004
139,-1,904,215,21,50,82.271
139,-1,924,211,21,50,92.854
139,-1,952,167,21,50,37.579
139,-1,1060,151,21,50,53.447
139,-1,371,160,23,55,117.1
139,-1,742,230,23,55,106.6
139,-1,760,230,23,55,36.027
139,-1,1030,147,23,55,57.46
139,-1,970,165,25,59,75.685
139,-1,994,146,25,59,16.624
139,-1,789,270,32,77,50.217
139,-1,980,153,32,77,120.97
139,-1,599,403,35,84,48.127
140,-1,904,215,21,50,83.27
140,-1,924,211,21,50,114.72
140,-1,952,167,21,50,50.15
140,-1,1060,151,21,50,47.069
140,-1,742,230,23,55,95.188
140,-1,760,230,23,55,37.311
140,-1,764,209,23,55,37.607
140,-1,1030,147,23,55,38.816
140,-1,371,161,25,59,87.133
140,-1,970,165,25,59,83.727
140,-1,787,278,27,65,39.436
140,-1,980,153,32,77,113.66
140,-1,605,403,35,84,30.351
141,-1,380,171,21,50,39.843
141,-1,900,215,21,50,58.152
141,-1,1032,151,21,50,45.119
141,-1,1060,151,21,50,60.85
141,-1,371,160,23,55,91.139
141,-1,742,230,23,55,115.29
141,-1,755,230,23,55,19.871
141,-1,789,280,25,59,69.886
141,-1,923,208,25,59,41.112
141,-1,970,165,25,59,93.229
141,-1,983,157,30,71,104.93
141,-1,605,403,35,84,72.702
142,-1,380,171,21,50,32.406
142,-1,756,227,21,50,34.58
142,-1,900,215,21,50,96.915
142,-1,924,215,21,50,71.364
142,-1,972,175,21,50,83.066
142,-1,1020,59,21,50,9.5017
142,-1,1024,159,21,50,42.59
142,-1,1032,151,21,50,50.712
142,-1,1060,155,21,50,54.447
142,-1,738,230,23,55,80.062
142,-1,987,147,23,55,37.334
142,-1,366,161,25,59,71.027
142,-1,789,280,25,59,59.778
142,-1,980,165,25,59,124.28
142,-1,610,400,32,77,60.263
143,-1,376,171,21,50,40.592
143,-1,900,215,21,50,105.47
143,-1,1032,151,21,50,33.585
143,-1,1060,155,21,50,61.786
143,-1,366,165,23,55,90.375
143,-1,738,230,23,55,67.72
143,-1,755,230,23,55,26.427
143,-1,921,213,23,55,55.561
143,-1,991,147,23,55,39.456
143,-1,787,278,27,65,53.913
143,-1,963,164,27,65,61.486
143,-1,977,157,30,71,124.24
143,-1,610,400,32,77,46.668
144,-1,376,171,21,50,39.584
144,-1,900,215,21,50,113.58
144,-1,924,215,21,50,73.906
144,-1,1032,151,21,50,55.401
144,-1,1060,151,21,50,55.88
144,-1,366,165,23,55,98.845
144,-1,738,230,23,55,79.295
144,-1,751,232,25,59,49.053
144,-1,785,280,25,59,75.487
144,-1,965,165,25,59,59.582
144,-1,974,153,32,77,134.49
144,-1,986,147,32,77,66.187
144,-1,605,396,35,84,59.713
145,-1,900,215,21,50,114.56
145,-1,932,179,21,50,8.9731
145,-1,988,147,21,50,42.231
145,-1,1032,151,21,50,62.748
145,-1,1060,155,21,50,52.053
145,-1,738,235,23,55,73.841
145,-1,755,230,23,55,41.548
145,-1,921,213,23,55,61.241
145,-1,361,161,25,59,87.465
145,-1,371,161,25,59,24.997
145,-1,980,165,25,59,139.1
145,-1,787,278,27,65,62.504
145,-1,958,164,27,65,13.98
145,-1,968,164,27,65,70.446
145,-1,605,396,35,84,62.864
146,-1,376,171,21,50,43.631
146,-1,900,215,21,50,111.42
146,-1,952,167,21,50,23.507
146,-1,1024,159,21,50,14.561
146,-1,1060,151,21,50,52.977
146,-1,362,165,23,55,77.722
146,-1,738,235,23,55,98.83
146,-1,921,213,23,55,64.735
146,-1,991,147,23,55,46.907
146,-1,965,165,25,59,48.05
146,-1,787,278,27,65,49.278
146,-1,977,157,30,71,124.06
146,-1,752,215,32,77,33.57
146,-1,612,396,35,84,68.201
147,-1,376,175,21,50,22.299
147,-1,900,215,21,50,116.87
147,-1,924,215,21,50,48.441
147,-1,948,167,21,50,23.355
147,-1,968,175,21,50,28.866
147,-1,1060,151,21,50,74.649
147,-1,733,230,23,55,98.821
147,-1,755,235,23,55,20.249
147,-1,991,147,23,55,36.949
147,-1,361,161,25,59,79.663
147,-1,742,227,25,59,15.419
147,-1,787,278,27,65,58.313
147,-1,977,157,30,71,116.67
147,-1,450,23,32,77,24.195
147,-1,612,396,35,84,94.481
148,-1,900,215,21,50,124.78
148,-1,952,167,21,50,27.618
148,-1,992,147,21,50,58.738
148,-1,1060,151,21,50,62.321
148,-1,375,165,23,55,24.272
148,-1,738,230,23,55,94.148
148,-1,921,213,23,55,46.98
148,-1,943,169,23,55,26.104
148,-1,361,161,25,59,94.366
148,-1,785,280,25,59,47.402
148,-1,966,157,30,71,17.791
148,-1,977,157,30,71,102.31
148,-1,616,394,32,77,68.682
148,-1,752,215,32,77,46.803
149,-1,372,175,21,50,45.295
149,-1,900,215,21,50,122.94
149,-1,992,147,21,50,24.818
149,-1,1060,151,21,50,66.63
149,-1,1088,167,21,50,12.81
149,-1,751,235,23,55,40.368
149,-1,760,209,23,55,19.339
149,-1,361,161,25,59,81.827
149,-1,737,232,25,59,62.042
149,-1,923,208,25,59,41.359
149,-1,787,278,27,65,51.083
149,-1,616,394,32,77,69.461
149,-1,974,153,32,77,91.754
150,-1,372,175,21,50,35.574
150,-1,900,215,21,50,146.11
150,-1,924,211,21,50,77.109
150,-1,948,167,21,50,15.81
150,-1,992,147,21,50,31.1
150,-1,1064,151,21,50,64.01
150,-1,1088,167,21,50,3.8423
150,-1,733,230,23,55,66.661
150,-1,361,161,25,59,65.563
150,-1,785,280,25,59,41.965
150,-1,968,159,27,65,28.751
150,-1,979,159,27,65,88.493
150,-1,619,396,35,84,59.736
150,-1,747,207,35,84,53.835
151,-1,372,175,21,50,14.674
151,-1,736,231,21,50,76.296
151,-1,900,215,21,50,113.34
151,-1,948,163,21,50,28.107
151,-1,1060,151,21,50,63.586
151,-1,362,165,23,55,61.131
151,-1,786,283,23,55,11.104
151,-1,921,213,23,55,50.406
151,-1,966,157,30,71,34.306
151,-1,980,147,32,77,94.653
151,-1,747,207,35,84,52.523
151,-1,615,387,39,92,58.338
152,-1,896,215,21,50,105.91
152,-1,904,215,21,50,21.347
152,-1,924,211,21,50,61.044
152,-1,944,167,21,50,18.784
152,-1,1028,147,21,50,53.031
152,-1,1060,151,21,50,64.107
152,-1,733,230,23,55,97.951
152,-1,356,161,25,59,90.439
152,-1,366,165,25,59,31.95
152,-1,782,278,27,65,52.793
152,-1,622,394,32,77,46.847
152,-1,747,207,35,84,60.423
152,-1,976,147,35,84,87.542
153,-1,756,207,21,50,36.364
153,-1,896,211,21,50,99.212
153,-1,948,163,21,50,12.814
153,-1,972,155,21,50,31.674
153,-1,980,171,21,50,97.732
153,-1,988,143,21,50,43.547
153,-1,1020,51,21,50,19.38
153,-1,1020,155,21,50,27.141
153,-1,1044,147,21,50,8.9673
153,-1,1060,151,21,50,49.395
153,-1,358,160,23,55,97.999
153,-1,366,165,23,55,36.713
153,-1,733,230,23,55,128.2
153,-1,921,209,23,55,82.584
153,-1,746,227,25,59,59.954
153,-1,782,278,27,65,51.568
153,-1,615,387,39,92,54.321
154,-1,896,211,21,50,113.42
154,-1,920,211,21,50,80.445
154,-1,932,175,21,50,3.4734
154,-1,948,159,21,50,16.397
154,-1,980,171,21,50,98.394
154,-1,1044,147,21,50,24.858
154,-1,1060,151,21,50,49.567
154,-1,358,160,23,55,98.848
154,-1,733,230,23,55,128.41
154,-1,987,143,23,55,28.507
154,-1,751,227,25,59,58.998
154,-1,776,270,32,77,57.431
154,-1,619,389,35,84,78.104
155,-1,732,231,21,50,120.29
155,-1,896,211,21,50,114.44
155,-1,1020,151,21,50,12.352
155,-1,1060,147,21,50,61.992
155,-1,358,160,23,55,84.151
155,-1,366,165,23,55,14.574
155,-1,921,204,23,55,58.851
155,-1,780,275,25,59,42.771
155,-1,962,153,32,77,5.1238
155,-1,974,147,32,77,82.88
155,-1,619,389,35,84,68.74
155,-1,740,207,35,84,77.752
156,-1,896,211,21,50,103.9
156,-1,920,207,21,50,52.561
156,-1,944,159,21,50,29.836
156,-1,1056,147,21,50,52.428
156,-1,729,230,23,55,137.34
156,-1,356,156,25,59,79.817
156,-1,746,227,25,59,71.022
156,-1,963,154,27,65,41.882
156,-1,622,388,32,77,67.958
156,-1,776,270,32,77,65.182
156,-1,974,147,32,77,90.26
156,-1,986,140,32,77,20.627
157,-1,364,167,21,50,56.1
157,-1,752,207,21,50,41.123
157,-1,896,207,21,50,91.983
157,-1,920,207,21,50,65.754
157,-1,944,159,21,50,41.62
157,-1,1020,151,21,50,30.336
157,-1,1056,147,21,50,63.964
157,-1,729,230,23,55,137.64
157,-1,352,156,25,59,81.143
157,-1,746,227,25,59,75.756
157,-1,958,159,27,65,18.824
157,-1,776,270,32,77,70.954
157,-1,619,382,35,84,75.846
157,-1,969,140,35,84,85.971
157,-1,982,138,39,92,3.563
158,-1,728,231,21,50,107.92
158,-1,892,207,21,50,105.7
158,-1,1016,151,21,50,21.587
158,-1,1056,147,21,50,56.509
158,-1,917,204,23,55,54.08
158,-1,1017,47,23,55,3.6099
158,-1,1026,143,23,55,30.282
158,-1,352,156,25,59,68.991
158,-1,958,154,27,65,39.38
158,-1,739,202,32,77,81.365
158,-1,776,270,32,77,62.858
158,-1,974,147,32,77,97.924
158,-1,619,382,35,84,75.858
159,-1,892,207,21,50,83.216
159,-1,1016,151,21,50,29.993
159,-1,1028,143,21,50,40.568
159,-1,725,226,23,55,95.346
159,-1,742,230,23,55,55.248
159,-1,746,204,23,55,37.31
159,-1,917,204,23,55,85.912
159,-1,352,156,25,59,61.676
159,-1,770,270,32,77,63.157
159,-1,955,147,32,77,23.034
159,-1,968,147,32,77,102.49
159,-1,980,140,32,77,25.477
159,-1,619,382,35,84,57.397
160,-1,360,167,21,50,55.897
160,-1,892,207,21,50,111.99
160,-1,924,171,21,50,15
160,-1,1016,151,21,50,40.627
160,-1,1056,147,21,50,61.515
160,-1,917,204,23,55,82.092
160,-1,347,156,25,59,68.17
160,-1,723,227,25,59,73.406
160,-1,958,154,27,65,34.206
160,-1,622,381,32,77,35.093
160,-1,739,202,32,77,76.07
160,-1,770,270,32,77,23.458
160,-1,968,147,32,77,117.01
161,-1,360,167,21,50,29.872
161,-1,892,207,21,50,92.899
161,-1,916,207,21,50,76.72
161,-1,924,171,21,50,34.205
161,-1,940,159,21,50,18.829
161,-1,1052,147,21,50,75.321
161,-1,720,226,23,55,81.75
161,-1,956,165,23,55,36.794
161,-1,347,156,25,59,76.034
161,-1,774,276,30,71,19.999
161,-1,968,147,32,77,90.824
161,-1,626,382,35,84,53.903
161,-1,733,201,35,84,79.828
162,-1,724,227,21,50,77.623
162,-1,888,211,21,50,89.183
162,-1,924,171,21,50,19.462
162,-1,1012,151,21,50,29.012
162,-1,1052,147,21,50,65.818
162,-1,358,165,23,55,22.39
162,-1,917,204,23,55,76.939
162,-1,347,156,25,59,83.751
162,-1,958,154,27,65,52.401
162,-1,628,381,32,77,51.887
162,-1,739,202,32,77,81.689
162,-1,770,270,32,77,46.768
162,-1,968,147,32,77,108.42
163,-1,888,211,21,50,90.954
163,-1,916,207,21,50,62.256
163,-1,924,171,21,50,33.604
163,-1,1024,143,21,50,51.992
163,-1,1052,143,21,50,42.013
163,-1,358,165,23,55,33.386
163,-1,720,226,23,55,66.412
163,-1,347,156,25,59,98.136
163,-1,958,154,27,65,63.883
163,-1,628,381,32,77,55.696
163,-1,733,208,32,77,73.583
163,-1,770,270,32,77,50.773
163,-1,968,147,32,77,106.75
164,-1,888,211,21,50,86.875
164,-1,924,171,21,50,39.422
164,-1,1012,151,21,50,37.851
164,-1,1020,143,21,50,43.929
164,-1,1052,147,21,50,80.101
164,-1,353,165,23,55,66.438
164,-1,720,226,23,55,51.665
164,-1,342,156,25,59,84.649
164,-1,913,204,25,59,64.52
164,-1,958,154,27,65,68.155
164,-1,733,208,32,77,86.844
164,-1,770,270,32,77,36.97
164,-1,968,147,32,77,125.13
164,-1,626,376,35,84,33.104
165,-1,888,211,21,50,119.23
165,-1,924,171,21,50,13.507
165,-1,936,159,21,50,9.8762
165,-1,1012,51,21,50,12.506
165,-1,1020,143,21,50,59.561
165,-1,1052,147,21,50,47.82
165,-1,345,160,23,55,90.146
165,-1,353,165,23,55,64.483
165,-1,720,230,23,55,56.601
165,-1,742,204,23,55,43.32
165,-1,737,227,25,59,67.49
165,-1,913,204,25,59,51.713
165,-1,771,278,27,65,46.06
165,-1,958,154,27,65,70.685
165,-1,968,147,32,77,102.3
165,-1,626,376,35,84,68.612
166,-1,888,211,21,50,104.55
166,-1,1012,151,21,50,10.726
166,-1,1020,143,21,50,63.574
166,-1,1052,147,21,50,74.188
166,-1,345,160,23,55,93.344
166,-1,353,165,23,55,60.858
166,-1,720,230,23,55,98.26
166,-1,742,204,23,55,50.291
166,-1,913,204,25,59,42.628
166,-1,735,227,27,65,108.37
166,-1,771,278,27,65,50.933
166,-1,958,154,27,65,74.731
166,-1,968,147,32,77,95.142
166,-1,626,376,35,84,58.998
167,-1,352,171,21,50,68.515
167,-1,888,211,21,50,93.321
167,-1,1052,147,21,50,62.953
167,-1,720,230,23,55,69.497
167,-1,742,204,23,55,44.069
167,-1,342,156,25,59,70.551
167,-1,737,227,25,59,87.268
167,-1,958,154,27,65,68.058
167,-1,770,276,32,77,46.993
167,-1,968,147,32,77,117.29
167,-1,632,376,35,84,63.626
168,-1,356,167,21,50,62.565
168,-1,888,211,21,50,95.738
168,-1,924,175,21,50,13.325
168,-1,940,163,21,50,56.013
168,-1,992,147,21,50,10.001
168,-1,1052,147,21,50,77.323
168,-1,720,230,23,55,93.494
168,-1,742,204,23,55,8.9154
168,-1,917,209,23,55,68.177
168,-1,342,161,25,59,85.193
168,-1,737,227,25,59,82.898
168,-1,770,276,32,77,47.265
168,-1,955,153,32,77,83.303
168,-1,968,147,32,77,128.85
168,-1,632,376,35,84,58.244
169,-1,888,215,21,50,124.71
169,-1,936,163,21,50,21.201
169,-1,988,151,21,50,6.3633
169,-1,1020,147,21,50,43.917
169,-1,1052,151,21,50,64.142
169,-1,353,165,23,55,23.638
169,-1,720,230,23,55,90.392
169,-1,742,204,23,55,5.0867
169,-1,912,209,23,55,55.397
169,-1,342,161,25,59,108.97
169,-1,735,227,27,65,107.56
169,-1,958,159,27,65,87.464
169,-1,635,381,32,77,66.082
169,-1,770,276,32,77,45.419
169,-1,968,147,32,77,135.15
170,-1,352,171,21,50,40.471
170,-1,888,215,21,50,100.81
170,-1,936,163,21,50,22.677
170,-1,1020,147,21,50,59.006
170,-1,1052,151,21,50,72.708
170,-1,340,160,23,55,102.31
170,-1,720,235,23,55,74.849
170,-1,912,209,23,55,73.594
170,-1,956,165,25,59,82.215
170,-1,635,381,32,77,60.836
170,-1,770,276,32,77,43.299
170,-1,968,147,32,77,120.75
170,-1,733,207,35,84,61.83
171,-1,888,215,21,50,73.666
171,-1,1012,155,21,50,3.5268
171,-1,1052,151,21,50,77.741
171,-1,340,165,23,55,76.12
171,-1,349,169,23,55,26.418
171,-1,912,209,23,55,42.177
171,-1,718,232,25,59,84.561
171,-1,732,232,25,59,64.619
171,-1,954,157,30,71,78.297
171,-1,966,157,30,71,112.99
171,-1,635,381,32,77,73.039
171,-1,770,276,32,77,79.465
171,-1,974,140,32,77,40.79
172,-1,348,171,21,50,33.64
172,-1,888,215,21,50,120.11
172,-1,920,175,21,50,13.75
172,-1,940,55,21,50,4.2901
172,-1,1020,147,21,50,69.772
172,-1,1052,151,21,50,78.804
172,-1,340,160,23,55,74.134
172,-1,716,235,23,55,94.024
172,-1,912,213,23,55,55.884
172,-1,730,232,27,65,70.385
172,-1,768,281,30,71,74.631
172,-1,635,381,32,77,91.463
172,-1,955,153,32,77,79.858
172,-1,968,153,32,77,127.88
173,-1,888,215,21,50,114.47
173,-1,916,215,21,50,67.503
173,-1,924,179,21,50,15.431
173,-1,936,167,21,50,49.484
173,-1,940,55,21,50,26.075
173,-1,1020,147,21,50,42.678
173,-1,1052,151,21,50,52.98
173,-1,340,165,23,55,108.32
173,-1,349,165,23,55,24.241
173,-1,716,235,23,55,109.44
173,-1,956,165,25,59,71.975
173,-1,768,281,30,71,91.01
173,-1,968,153,32,77,154.4
173,-1,639,376,35,84,71.467
173,-1,727,207,35,84,52.593
174,-1,736,231,21,50,49.734
174,-1,888,215,21,50,105.77
174,-1,916,215,21,50,60.429
174,-1,920,179,21,50,19.426
174,-1,940,55,21,50,21.296
174,-1,960,175,21,50,83.567
174,-1,988,151,21,50,20.575
174,-1,1020,147,21,50,62.608
174,-1,1052,151,21,50,67.466
174,-1,340,165,23,55,116.93
174,-1,716,235,23,55,100.22
174,-1,738,209,23,55,3.3314
174,-1,770,276,32,77,81.389
174,-1,968,153,32,77,153.55
174,-1,639,376,35,84,71.935
175,-1,888,215,21,50,107.87
175,-1,924,175,21,50,38.625
175,-1,1008,155,21,50,24.358
175,-1,1020,151,21,50,58.983
175,-1,1052,155,21,50,59.499
175,-1,340,165,23,55,109.26
175,-1,716,235,23,55,129.31
175,-1,738,209,23,55,3.743
175,-1,912,209,23,55,59.876
175,-1,732,232,25,59,79.205
175,-1,953,164,27,65,65.822
175,-1,770,276,32,77,92.26
175,-1,968,153,32,77,144.46
175,-1,639,376,35,84,79.269
176,-1,348,175,21,50,45.714
176,-1,888,215,21,50,110.66
176,-1,916,215,21,50,60.563
176,-1,920,179,21,50,36.87
176,-1,940,55,21,50,27.655
176,-1,1020,151,21,50,46.567
176,-1,1052,155,21,50,65.052
176,-1,340,165,23,55,111.32
176,-1,716,235,23,55,130.02
176,-1,954,157,30,71,67.051
176,-1,641,375,32,77,82.334
176,-1,727,221,32,77,35.776
176,-1,770,276,32,77,68.274
176,-1,968,153,32,77,157.97
177,-1,888,215,21,50,104.6
177,-1,920,179,21,50,59.264
177,-1,940,167,21,50,26.013
177,-1,1012,155,21,50,37.509
177,-1,1020,151,21,50,64.537
177,-1,1052,155,21,50,55.811
177,-1,716,235,23,55,135.43
177,-1,912,213,23,55,102.03
177,-1,337,161,25,59,92.936
177,-1,771,284,27,65,62.602
177,-1,954,157,30,71,58.39
177,-1,733,221,32,77,47.533
177,-1,968,153,32,77,159.14
177,-1,646,376,35,84,82.102
178,-1,888,215,21,50,130.88
178,-1,916,215,21,50,78.7
178,-1,920,179,21,50,61.201
178,-1,940,167,21,50,34.878
178,-1,1012,155,21,50,42.91
178,-1,1020,147,21,50,59.44
178,-1,1052,151,21,50,39.598
178,-1,716,235,23,55,156.42
178,-1,1087,160,23,55,0.30503
178,-1,337,161,25,59,92.795
178,-1,771,284,27,65,62.769
178,-1,954,157,30,71,56.1
178,-1,968,153,32,77,166.4
178,-1,646,376,35,84,89.829
178,-1,727,214,35,84,46.366
179,-1,884,215,21,50,93.985
179,-1,916,215,21,50,68.844
179,-1,920,179,21,50,70.995
179,-1,940,167,21,50,32.732
179,-1,1020,147,21,50,62.224
179,-1,1052,151,21,50,21.437
179,-1,716,235,23,55,113.84
179,-1,337,161,25,59,88.04
179,-1,771,284,27,65,35.192
179,-1,954,157,30,71,57.487
179,-1,647,375,32,77,70.756
179,-1,968,153,32,77,154.51
179,-1,727,207,35,84,31.179
180,-1,884,215,21,50,107.96
180,-1,892,215,21,50,21.21
180,-1,916,215,21,50,77.529
180,-1,920,179,21,50,34.758
180,-1,936,163,21,50,29.699
180,-1,1008,155,21,50,37.447
180,-1,1020,147,21,50,68.72
180,-1,1052,151,21,50,31.812
180,-1,337,161,25,59,99.238
180,-1,713,232,25,59,86.652
180,-1,954,157,30,71,68.383
180,-1,647,375,32,77,68.08
180,-1,727,221,32,77,50.361
180,-1,770,276,32,77,57.734
180,-1,968,153,32,77,145.07
181,-1,884,215,21,50,131.54
181,-1,920,179,21,50,51.186
181,-1,936,163,21,50,12.206
181,-1,1008,155,21,50,54.76
181,-1,1020,147,21,50,70.38
181,-1,1052,151,21,50,55.835
181,-1,345,169,23,55,21.18
181,-1,912,213,23,55,75.729
181,-1,978,147,23,55,46.374
181,-1,332,161,25,59,105.61
181,-1,708,232,25,59,36.622
181,-1,732,208,25,59,9.0503
181,-1,732,237,25,59,45.43
181,-1,770,289,25,59,41.295
181,-1,647,375,32,77,65.433
181,-1,949,153,32,77,51.464
181,-1,962,153,32,77,123.39
182,-1,884,215,21,50,105.06
182,-1,912,215,21,50,66.537
182,-1,920,179,21,50,42.797
182,-1,936,167,21,50,39.181
182,-1,1020,147,21,50,54.196
182,-1,1052,151,21,50,34.652
182,-1,712,235,23,55,92.541
182,-1,978,147,23,55,27.908
182,-1,332,161,25,59,87.449
182,-1,766,289,27,65,31.031
182,-1,647,375,32,77,69.53
182,-1,659,375,32,77,22.817
182,-1,727,221,32,77,49.669
182,-1,949,153,32,77,78.996
182,-1,962,153,32,77,147.78
183,-1,344,175,21,50,57.326
183,-1,884,215,21,50,102
183,-1,912,215,21,50,76.498
183,-1,916,179,21,50,55.379
183,-1,936,163,21,50,41.687
183,-1,1020,51,21,50,18.993
183,-1,1020,147,21,50,53.941
183,-1,1052,151,21,50,56.33
183,-1,331,165,23,55,91.253
183,-1,712,235,23,55,104.43
183,-1,766,289,25,59,38.606
183,-1,653,375,32,77,72.828
183,-1,727,221,32,77,53.256
183,-1,949,153,32,77,77.591
183,-1,962,153,32,77,149.7
183,-1,974,147,32,77,38.507
184,-1,340,171,21,50,49.815
184,-1,712,235,21,50,110.78
184,-1,884,215,21,50,121.15
184,-1,912,215,21,50,60.838
184,-1,916,179,21,50,59.9
184,-1,936,163,21,50,38.747
184,-1,1004,155,21,50,37.151
184,-1,1016,147,21,50,45.859
184,-1,1020,51,21,50,22.408
184,-1,1052,151,21,50,52.069
184,-1,328,161,25,59,67.009
184,-1,766,289,25,59,45.532
184,-1,653,375,32,77,76.391
184,-1,949,153,32,77,79.984
184,-1,962,153,32,77,149.18
184,-1,974,147,32,77,43.873
184,-1,720,207,35,84,45.94
185,-1,340,175,21,50,36.278
185,-1,880,215,21,50,110.14
185,-1,912,215,21,50,41.006
185,-1,916,179,21,50,79.405
185,-1,932,163,21,50,20.73
185,-1,1004,159,21,50,63.57
185,-1,1016,147,21,50,60.053
185,-1,1020,51,21,50,6.5174
185,-1,1048,151,21,50,50.731
185,-1,707,235,23,55,108.07
185,-1,328,161,25,59,71.551
185,-1,949,157,30,71,55.87
185,-1,646,369,35,84,71.253
185,-1,720,207,35,84,48.889
185,-1,963,147,35,84,110.24
186,-1,340,175,21,50,19.301
186,-1,708,239,21,50,124.46
186,-1,880,215,21,50,143.04
186,-1,908,215,21,50,55.401
186,-1,916,179,21,50,48.375
186,-1,932,167,21,50,24.411
186,-1,1016,147,21,50,65.265
186,-1,1048,151,21,50,60.527
186,-1,328,161,25,59,53.878
186,-1,725,232,27,65,41.38
186,-1,943,153,32,77,50.164
186,-1,962,153,32,77,134.55
186,-1,646,369,35,84,61.798
187,-1,880,215,21,50,114.21
187,-1,912,215,21,50,68.71
187,-1,916,179,21,50,48.223
187,-1,932,167,21,50,25.471
187,-1,1016,147,21,50,60.378
187,-1,1048,151,21,50,61.38
187,-1,327,165,23,55,64.222
187,-1,707,235,23,55,104.15
187,-1,720,232,27,65,50.623
187,-1,757,281,30,71,20.183
187,-1,943,153,32,77,56.766
187,-1,653,369,35,84,96.026
187,-1,956,147,35,84,130.38
188,-1,340,171,21,50,59.821
188,-1,708,235,21,50,107.33
188,-1,880,215,21,50,110.51
188,-1,932,167,21,50,20.999
188,-1,964,175,21,50,112.7
188,-1,972,147,21,50,72.09
188,-1,1016,147,21,50,60.924
188,-1,1048,151,21,50,57.268
188,-1,1084,163,21,50,12.421
188,-1,328,161,25,59,76.94
188,-1,725,232,27,65,47.441
188,-1,906,190,32,77,61.854
188,-1,943,153,32,77,45.443
188,-1,653,369,35,84,75.105
188,-1,754,281,35,84,22.132
189,-1,880,215,21,50,123.45
189,-1,1012,147,21,50,62.746
189,-1,1048,151,21,50,51.782
189,-1,336,169,23,55,44.505
189,-1,703,235,23,55,100.06
189,-1,323,161,25,59,73.016
189,-1,723,237,25,59,41.875
189,-1,948,159,27,65,39.656
189,-1,653,369,32,77,64.839
189,-1,752,283,32,77,27.213
189,-1,962,147,32,77,107.32
189,-1,901,182,39,92,49.123
190,-1,336,171,21,50,54.027
190,-1,876,215,21,50,141.3
190,-1,1004,159,21,50,38.225
190,-1,1012,147,21,50,79.971
190,-1,1044,151,21,50,49.922
190,-1,1084,55,21,50,15.791
190,-1,703,239,23,55,96.287
190,-1,323,161,25,59,80.659
190,-1,714,232,27,65,30.185
190,-1,721,208,32,77,42.384
190,-1,752,283,32,77,77.86
190,-1,943,153,32,77,31.066
190,-1,653,369,35,84,81.695
190,-1,956,147,35,84,135.01
190,-1,901,182,39,92,60.025
191,-1,876,215,21,50,136.09
191,-1,1004,159,21,50,32.09
191,-1,1012,151,21,50,69.007
191,-1,1048,155,21,50,68.051
191,-1,336,169,23,55,35.854
191,-1,698,235,23,55,88.708
191,-1,707,239,23,55,10.207
191,-1,720,209,23,55,2.5174
191,-1,323,161,25,59,78.005
191,-1,723,237,25,59,60.247
191,-1,756,289,25,59,31.732
191,-1,943,157,30,71,23.74
191,-1,653,369,32,77,45.557
191,-1,956,147,35,84,135.86
191,-1,901,182,39,92,67.954
192,-1,876,215,21,50,104.3
192,-1,996,159,21,50,21.487
192,-1,1012,151,21,50,58.237
192,-1,1044,155,21,50,63.194
192,-1,323,165,23,55,58.58
192,-1,331,169,23,55,33.299
192,-1,703,239,23,55,86.125
192,-1,723,237,25,59,40.362
192,-1,659,369,32,77,46.463
192,-1,752,283,32,77,44.983
192,-1,943,153,32,77,28.006
192,-1,955,153,32,77,100.15
192,-1,968,147,32,77,18.518
192,-1,902,187,35,84,60.189
193,-1,876,215,21,50,86.567
193,-1,1000,159,21,50,57.58
193,-1,1012,151,21,50,81.393
193,-1,1044,155,21,50,82.996
193,-1,331,169,23,55,44.31
193,-1,318,161,25,59,51.146
193,-1,699,237,25,59,83.472
193,-1,720,237,27,65,43.297
193,-1,659,369,32,77,46.094
193,-1,752,283,32,77,58.334
193,-1,943,153,32,77,52.718
193,-1,955,153,32,77,121.19
193,-1,968,147,32,77,30.328
193,-1,901,182,39,92,69.866
194,-1,332,175,21,50,17.958
194,-1,700,239,21,50,74.844
194,-1,876,219,21,50,64.825
194,-1,1000,159,21,50,35.391
194,-1,1012,151,21,50,77.653
194,-1,1044,155,21,50,80.827
194,-1,318,161,25,59,82.529
194,-1,718,237,25,59,55.539
194,-1,943,153,32,77,31.486
194,-1,659,362,35,84,19.878
194,-1,747,281,35,84,34.479
194,-1,956,147,35,84,116.37
194,-1,901,182,39,92,60.972
195,-1,872,219,21,50,73.492
195,-1,996,159,21,50,57.616
195,-1,1008,151,21,50,67.555
195,-1,1044,155,21,50,74.068
195,-1,331,174,23,55,22.512
195,-1,313,161,25,59,55.611
195,-1,694,237,25,59,52.436
195,-1,718,237,25,59,61.352
195,-1,659,369,32,77,72.088
195,-1,943,153,32,77,34.65
195,-1,955,153,32,77,125.84
195,-1,962,140,32,77,30.623
195,-1,901,182,39,92,59.272
196,-1,332,179,21,50,39.011
196,-1,716,211,21,50,16.799
196,-1,872,219,21,50,113.39
196,-1,936,159,21,50,1.3458
196,-1,976,151,21,50,10.741
196,-1,996,159,21,50,72.532
196,-1,1008,151,21,50,66.492
196,-1,1044,155,21,50,80.181
196,-1,698,239,23,55,91.919
196,-1,315,159,27,65,63.232
196,-1,714,237,27,65,66.676
196,-1,943,164,27,65,34.247
196,-1,955,153,32,77,134.51
196,-1,659,369,35,84,56.59
196,-1,902,187,35,84,66.163
197,-1,332,179,21,50,45.95
197,-1,872,223,21,50,78.172
197,-1,908,183,21,50,48.997
197,-1,940,159,21,50,14.274
197,-1,976,151,21,50,5.6369
197,-1,996,159,21,50,38.255
197,-1,1008,151,21,50,69.321
197,-1,1016,51,21,50,11.095
197,-1,1044,159,21,50,79.642
197,-1,318,169,23,55,53.384
197,-1,694,237,25,59,68.668
197,-1,714,237,27,65,63.059
197,-1,665,369,32,77,47.427
197,-1,955,153,32,77,139.84
197,-1,444,12,35,84,15.894
198,-1,716,211,21,50,6.6345
198,-1,872,223,21,50,84.472
198,-1,924,55,21,50,7.7429
198,-1,936,159,21,50,27.758
198,-1,976,155,21,50,13.815
198,-1,1008,155,21,50,76.679
198,-1,1044,159,21,50,73.964
198,-1,694,243,23,55,64.742
198,-1,313,165,25,59,83.551
198,-1,323,165,25,59,21.502
198,-1,714,237,27,65,74.084
198,-1,943,163,30,71,60.643
198,-1,443,17,32,77,21.713
198,-1,746,289,32,77,16.366
198,-1,955,153,32,77,145.01
198,-1,659,369,35,84,69.366
198,-1,902,187,35,84,76.824
199,-1,872,223,21,50,120.29
199,-1,908,183,21,50,69.802
199,-1,924,171,21,50,27.742
199,-1,996,163,21,50,47.289
199,-1,1008,155,21,50,84.841
199,-1,1016,55,21,50,12.999
199,-1,1044,159,21,50,92.287
199,-1,327,174,23,55,66.124
199,-1,694,243,23,55,75.062
199,-1,908,217,23,55,45.825
199,-1,313,165,25,59,111.12
199,-1,714,237,27,65,76.454
199,-1,943,163,30,71,58.601
199,-1,443,17,32,77,36.262
199,-1,659,369,32,77,60.531
199,-1,746,289,32,77,24.556
199,-1,955,153,32,77,124.28
