% bbGt version=3
people 7 161 295 95 0 0 0 0 0 0 0
people 543 149 61 90 0 0 0 0 0 0 0
people 456 161 60 74 0 0 0 0 0 0 0
person 375 136 46 125 1 375 136 46 125 0 0
person 324 128 134 236 0 0 0 0 0 0 0
person 387 135 55 128 1 408 135 27 128 0 0
person 58 184 20 50 1 68 184 2 50 0 0
person 287 136 41 125 0 0 0 0 0 0 0
person 130 165 30 82 0 0 0 0 0 0 0
person 88 163 34 85 0 0 0 0 0 0 0
person 608 130 30 122 1 608 130 30 122 0 0
person 286 164 21 69 1 296 164 1 69 0 0
person 184 129 84 221 0 0 0 0 0 0 0
person 234 129 39 206 1 234 129 39 206 0 0
person 238 146 36 100 1 249 151 1 92 0 0
person 269 149 32 100 1 271 157 26 85 0 0
person 518 159 28 76 0 0 0 0 0 0 0
person 347 135 111 211 1 395 135 1 211 0 0
person 339 139 38 111 1 349 139 2 111 0 0
person 360 143 35 107 1 369 143 1 104 0 0
