% bbGt version=3
people 7 161 204 95 0 0 0 0 0 0 0
people 535 149 61 90 0 0 0 0 0 0 0
person 127 159 35 93 0 0 0 0 0 0 0
person 150 148 39 105 0 0 0 0 0 0 0
person 406 136 47 126 0 0 0 0 0 0 0
person 514 130 118 238 0 0 0 0 0 0 0
person 444 129 59 141 0 0 0 0 0 0 0
person 352 135 48 131 1 369 141 1 119 0 0
person 105 164 28 79 0 0 0 0 0 0 0
person 62 166 31 80 0 0 0 0 0 0 0
person 543 134 46 115 1 565 137 2 113 0 0
person 333 161 21 69 1 343 161 1 69 0 0
person 311 125 97 243 0 0 0 0 0 0 0
person 372 128 39 124 1 372 128 39 124 0 0
person 192 152 31 98 0 0 0 0 0 0 0
person 225 155 29 90 0 0 0 0 0 0 0
person 501 161 26 61 0 0 0 0 0 0 0
person 524 133 89 206 1 560 133 1 206 0 0
person 292 142 31 102 0 0 0 0 0 0 0
person 313 149 30 100 1 324 149 2 100 0 0
