% bbGt version=3
people 1 160 160 95 0 0 0 0 0 0 0
people 503 152 61 90 0 0 0 0 0 0 0
people 319 163 74 75 0 0 0 0 0 0 0
person 17 159 39 103 0 0 0 0 0 0 0
person 41 146 42 116 0 0 0 0 0 0 0
person 560 130 64 154 0 0 0 0 0 0 0
person 595 127 43 157 1 595 127 43 157 0 0
person 475 128 68 151 1 511 128 1 151 0 0
person 61 170 25 78 1 72 170 1 78 0 0
person 29 169 26 77 1 40 172 1 74 0 0
person 425 144 45 104 1 433 145 27 51 0 0
person 426 163 25 69 1 437 163 1 53 0 0
person 370 123 104 255 0 0 0 0 0 0 0
person 476 121 112 244 0 0 0 0 0 0 0
person 116 165 28 78 0 0 0 0 0 0 0
person 147 167 26 75 0 0 0 0 0 0 0
person 478 166 26 68 1 490 166 1 68 0 0
person 206 150 39 97 0 0 0 0 0 0 0
person 243 155 29 91 0 0 0 0 0 0 0
