% bbGt version=3
people 7 161 304 95 0 0 0 0 0 0 0
people 558 145 61 96 0 0 0 0 0 0 0
people 427 164 61 74 0 0 0 0 0 0 0
person 309 141 45 114 0 0 0 0 0 0 0
person 218 134 124 235 0 0 0 0 0 0 0
person 356 139 48 121 0 0 0 0 0 0 0
person 556 126 59 151 1 562 126 48 151 0 0
person 61 183 20 50 1 73 183 1 50 0 0
person 264 141 37 117 1 283 144 2 113 0 0
person 146 157 41 96 1 165 157 1 80 0 0
person 111 160 36 89 1 111 161 22 88 0 0
person 256 166 21 69 1 273 166 1 68 0 0
person 114 130 80 212 0 0 0 0 0 0 0
person 164 134 37 195 1 164 134 37 195 0 0
person 266 144 38 105 1 277 144 2 104 0 0
person 300 147 32 101 1 317 147 2 101 0 0
person 627 114 14 255 0 0 0 0 0 0 0
person 572 107 64 249 1 616 108 1 248 0 0
person 526 154 30 80 0 0 0 0 0 0 0
person 260 133 53 216 1 283 134 1 209 0 0
person 365 136 42 117 1 378 137 2 109 0 0
person 395 140 32 111 0 0 0 0 0 0 0
