% bbGt version=3
person 468 84 107 331 0 0 0 0 0 0 0
person 550 101 74 275 0 0 0 0 0 0 0
people 241 98 110 300 0 0 0 0 0 0 0
person 354 97 91 281 0 0 0 0 0 0 0
person 258 122 101 225 1 313 122 4 225 0 0
person 333 130 73 192 1 369 130 1 192 0 0
person 418 138 65 202 1 418 138 65 202 0 0
person 504 165 1 51 0 0 0 0 0 0 0
person 507 166 19 49 1 517 166 1 42 0 0
person 582 168 21 50 1 591 168 1 50 0 0
person 15 113 110 249 0 0 0 0 0 0 0
person 10 197 42 148 1 36 197 2 147 0 0
person 45 113 54 248 1 46 113 4 248 0 0
