% bbGt version=3
people 1 146 305 95 0 0 0 0 0 0 0
people 581 134 56 111 0 0 0 0 0 0 0
person 91 82 178 393 0 0 0 0 0 0 0
person 233 149 38 105 1 233 149 38 105 0 0
person 273 147 45 107 1 285 149 2 104 0 0
person 379 135 49 127 0 0 0 0 0 0 0
person 67 183 20 50 1 76 183 1 50 0 0
person 205 152 38 101 1 213 152 18 98 0 0
person 234 151 28 111 0 0 0 0 0 0 0
person 189 145 39 114 1 196 151 23 105 0 0
person 178 171 21 69 1 192 171 1 69 0 0
person 126 134 88 209 1 157 134 1 195 0 0
person 99 129 48 202 1 123 136 15 190 0 0
person 358 135 42 117 1 368 139 21 111 0 0
person 408 144 20 101 0 0 0 0 0 0 0
person 232 119 114 262 1 232 119 114 262 0 0
person 292 106 67 261 1 292 112 1 244 0 0
person 555 152 30 85 0 0 0 0 0 0 0
person 460 128 44 137 0 0 0 0 0 0 0
person 496 133 34 124 0 0 0 0 0 0 0
