% bbGt version=3
person 592 144 23 119 1 592 144 21 113 0 0
person 605 136 25 129 1 605 136 18 129 0 0
person 574 155 27 109 0 0 0 0 0 0 0
person 513 163 22 61 0 0 0 0 0 0 0
person 538 174 19 50 0 0 0 0 0 0 0
person 555 166 16 57 0 0 0 0 0 0 0
person 481 169 14 44 0 0 0 0 0 0 0
person 504 168 13 47 0 0 0 0 0 0 0
person 117 182 8 27 1 121 182 1 23 0 0
person 108 181 9 23 1 114 181 1 23 0 0
person 461 166 15 51 0 0 0 0 0 0 0
person 490 166 12 45 1 490 166 12 45 0 0
person 448 167 11 48 0 0 0 0 0 0 0
