% bbGt version=3
person 612 141 22 123 1 612 141 22 123 0 0
person 591 163 32 104 0 0 0 0 0 0 0
person 574 167 15 52 1 574 167 15 52 0 0
person 519 163 22 62 0 0 0 0 0 0 0
person 546 174 20 51 0 0 0 0 0 0 0
person 563 166 16 57 0 0 0 0 0 0 0
person 488 169 14 45 0 0 0 0 0 0 0
person 506 166 16 50 1 509 167 13 49 0 0
person 117 180 9 28 1 120 180 1 23 0 0
person 108 180 9 23 1 113 180 1 23 0 0
person 463 166 16 50 1 468 166 6 50 0 0
person 495 166 12 45 1 497 166 5 45 0 0
person 453 167 11 49 1 459 167 1 49 0 0
