% bbGt version=3
people 7 146 302 95 0 0 0 0 0 0 0
people 595 134 43 111 0 0 0 0 0 0 0
person 371 67 213 413 0 0 0 0 0 0 0
person 200 153 37 97 0 0 0 0 0 0 0
person 235 150 40 98 1 245 150 2 98 0 0
person 327 140 43 115 0 0 0 0 0 0 0
person 71 183 20 50 1 81 183 1 50 0 0
person 169 157 38 87 0 0 0 0 0 0 0
person 279 150 41 109 0 0 0 0 0 0 0
person 237 138 43 124 1 260 138 2 124 0 0
person 145 174 21 69 1 152 174 7 61 0 0
person 202 135 95 202 0 0 0 0 0 0 0
person 238 132 44 202 1 248 137 1 188 0 0
person 408 134 49 128 1 429 137 1 65 0 0
person 452 144 44 112 1 465 145 1 104 0 0
person 67 109 97 271 0 0 0 0 0 0 0
person 125 109 53 264 1 127 109 1 261 0 0
person 571 148 32 95 1 582 153 18 85 0 0
person 517 130 46 135 0 0 0 0 0 0 0
person 550 133 49 129 1 559 136 32 124 0 0
