% bbGt version=3
people 7 161 250 95 0 0 0 0 0 0 0
people 539 149 61 90 0 0 0 0 0 0 0
person 153 156 35 93 0 0 0 0 0 0 0
person 177 148 35 101 0 0 0 0 0 0 0
person 368 135 44 127 0 0 0 0 0 0 0
person 439 130 101 236 0 0 0 0 0 0 0
person 415 132 57 134 1 419 132 35 134 0 0
person 56 184 20 50 1 56 184 13 50 0 0
person 322 137 34 121 0 0 0 0 0 0 0
person 117 164 30 82 0 0 0 0 0 0 0
person 74 165 32 81 0 0 0 0 0 0 0
person 573 136 51 113 0 0 0 0 0 0 0
person 309 163 21 69 1 311 163 1 69 0 0
person 258 127 89 229 0 0 0 0 0 0 0
person 297 133 38 139 1 297 133 38 139 0 0
person 213 151 35 93 0 0 0 0 0 0 0
person 247 152 28 94 1 249 156 21 82 0 0
person 511 161 28 74 0 0 0 0 0 0 0
person 438 129 82 213 1 481 129 1 212 0 0
person 316 140 36 109 1 329 140 2 109 0 0
person 337 146 30 103 1 346 146 2 103 0 0
