% bbGt version=3
people 7 146 302 95 0 0 0 0 0 0 0
people 595 134 43 111 0 0 0 0 0 0 0
person 327 69 205 410 0 0 0 0 0 0 0
person 205 153 37 98 1 205 153 37 98 0 0
person 242 150 41 99 1 257 150 2 99 0 0
person 349 139 2 118 0 0 0 0 0 0 0
person 70 183 20 50 1 81 183 1 50 0 0
person 174 156 39 88 0 0 0 0 0 0 0
person 270 150 41 108 0 0 0 0 0 0 0
person 230 139 43 123 1 254 139 2 123 0 0
person 149 173 21 69 1 161 173 1 61 0 0
person 192 135 94 204 0 0 0 0 0 0 0
person 224 133 44 202 1 229 136 1 189 0 0
person 400 134 49 128 1 424 141 1 98 0 0
person 454 145 36 111 0 0 0 0 0 0 0
person 91 107 123 277 0 0 0 0 0 0 0
person 149 109 61 261 1 149 109 1 260 0 0
person 569 148 32 94 0 0 0 0 0 0 0
person 509 126 46 136 0 0 0 0 0 0 0
person 544 136 35 124 0 0 0 0 0 0 0
