% bbGt version=3
people 37 164 221 77 0 0 0 0 0 0 0
people 263 150 358 84 0 0 0 0 0 0 0
people 212 122 88 212 0 0 0 0 0 0 0
person 89 165 26 77 1 89 165 26 77 0 0
person 104 162 30 80 0 0 0 0 0 0 0
person 145 159 36 86 0 0 0 0 0 0 0
person 437 161 25 65 0 0 0 0 0 0 0
person 91 183 20 39 1 97 185 1 33 0 0
person 4 119 102 252 0 0 0 0 0 0 0
person 45 167 30 79 1 59 167 1 61 0 0
person 258 91 124 255 1 308 96 1 250 0 0
person 279 118 108 239 0 0 0 0 0 0 0
person 558 131 65 150 0 0 0 0 0 0 0
person 498 126 57 156 0 0 0 0 0 0 0
person 22 183 24 61 1 36 183 1 61 0 0
