% bbGt version=3
people 7 147 304 95 0 0 0 0 0 0 0
people 325 147 158 84 0 0 0 0 0 0 0
person 447 58 173 423 0 0 0 0 0 0 0
person 191 154 37 95 0 0 0 0 0 0 0
person 221 151 35 96 0 0 0 0 0 0 0
person 312 142 42 110 1 325 142 19 110 0 0
person 72 183 20 50 1 81 183 1 50 0 0
person 156 158 34 87 0 0 0 0 0 0 0
person 295 150 45 111 1 301 150 31 105 0 0
person 252 136 44 127 1 278 140 2 123 0 0
person 135 173 21 69 1 135 173 21 69 0 0
person 237 135 87 199 0 0 0 0 0 0 0
person 267 131 56 201 1 282 138 1 188 0 0
person 418 134 49 129 0 0 0 0 0 0 0
person 467 143 45 113 1 471 143 38 91 0 0
person 8 118 121 263 0 0 0 0 0 0 0
person 75 109 63 263 1 82 109 1 261 0 0
person 576 147 32 97 1 593 152 1 87 0 0
person 539 120 41 149 1 567 130 3 132 0 0
person 568 132 47 152 1 586 133 2 152 0 0
