% bbGt version=3
people 5 160 170 95 0 0 0 0 0 0 0
people 524 149 61 90 0 0 0 0 0 0 0
people 309 161 92 75 0 0 0 0 0 0 0
person 87 161 33 96 0 0 0 0 0 0 0
person 110 148 42 109 0 0 0 0 0 0 0
person 454 132 50 131 1 454 132 50 131 0 0
person 514 132 50 146 1 520 132 14 111 0 0
person 397 132 59 139 1 397 132 31 64 0 0
person 89 168 27 77 1 98 168 2 77 0 0
person 44 173 28 73 0 0 0 0 0 0 0
person 497 137 47 112 1 505 142 1 97 0 0
person 370 165 23 69 0 0 0 0 0 0 0
person 404 124 92 255 0 0 0 0 0 0 0
person 469 128 83 235 1 469 128 83 235 0 0
person 158 160 31 85 0 0 0 0 0 0 0
person 192 164 27 78 0 0 0 0 0 0 0
person 490 163 27 70 1 497 163 1 70 0 0
person 249 147 41 103 0 0 0 0 0 0 0
person 287 153 27 93 0 0 0 0 0 0 0
