% bbGt version=3
people 1 160 160 95 0 0 0 0 0 0 0
people 505 151 61 90 0 0 0 0 0 0 0
people 316 162 95 75 0 0 0 0 0 0 0
person 27 159 37 103 0 0 0 0 0 0 0
person 49 148 43 116 0 0 0 0 0 0 0
person 547 132 65 153 1 547 132 65 153 0 0
person 589 127 48 157 1 589 127 48 157 0 0
person 463 128 67 151 1 471 128 46 134 0 0
person 64 170 25 78 1 75 170 1 78 0 0
person 31 168 25 78 1 41 174 1 71 0 0
person 433 143 46 105 1 450 143 1 105 0 0
person 419 164 25 69 1 430 164 2 48 0 0
person 381 123 104 255 0 0 0 0 0 0 0
person 494 121 104 245 0 0 0 0 0 0 0
person 119 164 29 79 0 0 0 0 0 0 0
person 152 167 27 76 0 0 0 0 0 0 0
person 480 166 26 68 1 491 166 1 68 0 0
person 210 150 40 98 0 0 0 0 0 0 0
person 248 154 29 93 0 0 0 0 0 0 0
