% bbGt version=3
person 238 84 139 341 0 0 0 0 0 0 0
person 358 104 94 280 0 0 0 0 0 0 0
people 10 111 82 286 0 0 0 0 0 0 0
person 104 91 105 298 0 0 0 0 0 0 0
person 114 123 87 221 1 155 123 1 221 0 0
person 207 129 73 194 1 252 129 1 194 0 0
person 246 135 78 197 1 263 135 21 197 0 0
person 499 167 18 53 1 499 167 18 53 0 0
person 513 166 16 49 1 513 166 16 49 0 0
person 582 164 21 54 1 587 164 14 53 0 0
person 153 112 123 258 1 197 112 78 258 0 0
person 155 190 42 132 1 194 190 2 132 0 0
person 158 120 58 242 1 189 120 1 242 0 0
