% bbGt version=3
person 147 84 129 337 0 0 0 0 0 0 0
person 265 105 103 281 0 0 0 0 0 0 0
person 6 91 106 299 0 0 0 0 0 0 0
person 54 122 79 219 1 83 123 49 215 0 0
person 154 130 73 193 1 195 130 1 193 0 0
person 189 134 71 195 1 238 134 3 195 0 0
person 499 167 18 53 1 499 167 18 53 0 0
person 514 165 17 50 1 514 165 17 50 0 0
person 582 166 21 52 1 588 166 1 52 0 0
person 212 113 116 250 1 291 128 1 201 0 0
person 213 185 42 144 1 231 185 3 144 0 0
person 217 122 59 239 1 257 122 1 239 0 0
person 542 100 79 242 0 0 0 0 0 0 0
