% bbGt version=3
person 565 148 19 111 1 565 148 18 109 0 0
person 575 142 26 122 1 576 142 19 108 0 0
person 550 161 26 94 0 0 0 0 0 0 0
person 506 164 21 59 0 0 0 0 0 0 0
person 525 169 27 56 0 0 0 0 0 0 0
person 543 168 16 52 1 546 168 7 50 0 0
person 472 170 13 42 0 0 0 0 0 0 0
person 493 169 13 45 0 0 0 0 0 0 0
person 117 184 8 26 1 125 184 1 22 0 0
person 107 184 11 24 1 116 184 1 22 0 0
person 454 169 15 49 0 0 0 0 0 0 0
person 483 166 12 45 1 484 166 5 45 0 0
person 439 169 12 45 0 0 0 0 0 0 0
