% bbGt version=3
person 553 150 17 105 1 553 150 17 105 0 0
person 559 147 25 116 1 562 147 8 71 0 0
person 536 165 25 86 0 0 0 0 0 0 0
person 502 166 20 58 0 0 0 0 0 0 0
person 523 175 22 50 1 526 178 13 45 0 0
person 542 170 15 50 1 545 170 1 49 0 0
person 468 171 13 41 0 0 0 0 0 0 0
person 484 168 13 44 0 0 0 0 0 0 0
person 120 185 9 26 1 127 186 1 21 0 0
person 109 186 11 24 1 118 186 1 21 0 0
person 449 172 15 46 0 0 0 0 0 0 0
person 479 167 12 45 0 0 0 0 0 0 0
person 440 174 11 43 0 0 0 0 0 0 0
