% bbGt version=3
people 7 161 304 95 0 0 0 0 0 0 0
people 545 149 61 90 0 0 0 0 0 0 0
people 451 162 61 74 0 0 0 0 0 0 0
person 374 136 46 125 1 374 136 46 125 0 0
person 307 128 116 237 0 0 0 0 0 0 0
person 380 136 55 127 1 393 136 41 127 0 0
person 58 184 20 50 1 70 184 1 50 0 0
person 281 138 41 121 0 0 0 0 0 0 0
person 134 165 30 81 0 0 0 0 0 0 0
person 93 162 36 88 0 0 0 0 0 0 0
person 280 165 21 69 1 293 165 1 69 0 0
person 165 129 83 219 0 0 0 0 0 0 0
person 217 129 52 204 1 217 129 52 204 0 0
person 243 146 37 101 1 243 152 34 91 0 0
person 275 148 32 101 1 291 158 1 76 0 0
person 520 158 28 77 0 0 0 0 0 0 0
person 324 137 104 211 1 373 137 1 211 0 0
person 345 138 39 112 1 355 138 1 112 0 0
person 366 143 37 108 1 375 143 1 104 0 0
