% bbGt version=3
people 7 161 304 95 0 0 0 0 0 0 0
people 564 143 61 99 0 0 0 0 0 0 0
people 419 165 50 74 0 0 0 0 0 0 0
person 299 142 41 112 0 0 0 0 0 0 0
person 156 133 114 236 0 0 0 0 0 0 0
person 341 140 48 118 0 0 0 0 0 0 0
person 523 124 59 151 1 527 125 45 145 0 0
person 62 183 20 50 1 74 183 1 50 0 0
person 255 143 35 114 0 0 0 0 0 0 0
person 155 156 41 98 1 175 156 1 89 0 0
person 120 159 36 87 1 133 159 1 87 0 0
person 244 167 21 69 1 260 167 1 68 0 0
person 110 133 66 198 0 0 0 0 0 0 0
person 138 130 48 207 1 155 132 1 200 0 0
person 278 143 39 107 1 290 145 2 104 0 0
person 312 147 32 101 1 327 147 2 101 0 0
person 538 114 102 259 0 0 0 0 0 0 0
person 535 103 73 258 1 580 108 1 249 0 0
person 531 155 28 84 1 542 163 1 71 0 0
person 222 134 74 218 1 222 134 64 209 0 0
person 379 136 33 113 0 0 0 0 0 0 0
person 408 139 29 112 0 0 0 0 0 0 0
