% bbGt version=3
people 1 160 160 95 0 0 0 0 0 0 0
people 432 153 124 87 0 0 0 0 0 0 0
person 6 144 39 119 0 0 0 0 0 0 0
person 538 125 72 154 0 0 0 0 0 0 0
person 44 172 24 73 0 0 0 0 0 0 0
person 17 170 28 76 1 32 172 1 69 0 0
person 391 146 39 100 1 406 146 2 98 0 0
person 458 163 22 68 0 0 0 0 0 0 0
person 266 128 108 239 0 0 0 0 0 0 0
person 374 125 85 234 0 0 0 0 0 0 0
person 92 165 31 79 0 0 0 0 0 0 0
person 125 167 26 74 0 0 0 0 0 0 0
person 474 167 22 62 0 0 0 0 0 0 0
person 186 151 38 94 0 0 0 0 0 0 0
person 219 155 29 91 0 0 0 0 0 0 0
