% bbGt version=3
people 7 161 227 95 0 0 0 0 0 0 0
people 537 149 61 90 0 0 0 0 0 0 0
person 142 159 35 93 0 0 0 0 0 0 0
person 163 148 37 103 0 0 0 0 0 0 0
person 383 136 47 126 0 0 0 0 0 0 0
person 483 129 102 237 0 0 0 0 0 0 0
person 429 130 58 137 0 0 0 0 0 0 0
person 56 184 20 51 1 62 184 1 51 0 0
person 336 136 45 128 1 354 144 11 112 0 0
person 110 163 30 81 0 0 0 0 0 0 0
person 68 166 32 81 0 0 0 0 0 0 0
person 567 136 41 114 0 0 0 0 0 0 0
person 321 162 21 69 1 327 162 1 69 0 0
person 296 126 91 233 0 0 0 0 0 0 0
person 339 132 34 118 1 339 132 34 118 0 0
person 201 154 34 89 0 0 0 0 0 0 0
person 239 160 25 81 0 0 0 0 0 0 0
person 506 161 28 72 1 520 162 1 34 0 0
person 475 130 96 210 1 520 131 1 209 0 0
person 304 141 36 109 1 318 141 2 109 0 0
person 325 147 30 102 1 335 147 2 102 0 0
