% bbGt version=3
people 8 147 306 95 0 0 0 0 0 0 0
people 319 147 287 84 0 0 0 0 0 0 0
person 471 83 154 397 0 0 0 0 0 0 0
person 175 156 35 92 0 0 0 0 0 0 0
person 197 153 39 94 0 0 0 0 0 0 0
person 280 141 20 110 0 0 0 0 0 0 0
person 75 183 20 45 1 82 183 5 42 0 0
person 133 158 33 88 0 0 0 0 0 0 0
person 326 150 46 111 1 345 150 2 111 0 0
person 282 134 47 129 0 0 0 0 0 0 0
person 116 175 23 67 1 126 175 1 66 0 0
person 297 137 99 203 0 0 0 0 0 0 0
person 334 129 56 201 1 351 140 1 191 0 0
person 448 134 49 128 1 465 134 16 116 0 0
person 497 141 45 117 1 524 141 1 79 0 0
person 587 146 32 101 1 601 151 1 91 0 0
person 595 125 24 140 0 0 0 0 0 0 0
person 609 132 36 137 1 623 132 13 137 0 0
