% bbGt version=3
people 1 146 305 95 0 0 0 0 0 0 0
people 574 136 61 109 0 0 0 0 0 0 0
person 35 86 109 368 0 0 0 0 0 0 0
person 248 147 38 109 0 0 0 0 0 0 0
person 286 142 37 111 0 0 0 0 0 0 0
person 411 133 41 87 0 0 0 0 0 0 0
person 66 183 20 50 1 75 183 1 50 0 0
person 219 150 37 104 1 233 150 20 103 0 0
person 210 152 40 105 0 0 0 0 0 0 0
person 170 152 37 104 0 0 0 0 0 0 0
person 193 170 21 69 1 210 170 1 69 0 0
person 110 133 87 210 1 110 133 67 205 0 0
person 79 130 44 202 1 90 131 25 191 0 0
person 337 138 42 114 1 352 138 1 113 0 0
person 372 145 38 104 1 390 145 2 102 0 0
person 308 117 119 264 0 0 0 0 0 0 0
person 368 107 57 261 1 368 113 1 249 0 0
person 553 153 28 84 0 0 0 0 0 0 0
person 446 132 30 123 0 0 0 0 0 0 0
person 464 134 47 132 1 475 138 25 120 0 0
