% bbGt version=3
people 1 160 157 95 0 0 0 0 0 0 0
people 380 155 172 83 0 0 0 0 0 0 0
person 615 123 26 162 1 615 123 26 162 0 0
person 37 177 21 67 0 0 0 0 0 0 0
person 11 179 20 65 0 0 0 0 0 0 0
person 369 149 32 95 0 0 0 0 0 0 0
person 483 164 36 69 1 496 164 1 66 0 0
person 178 127 114 236 0 0 0 0 0 0 0
person 265 124 87 228 0 0 0 0 0 0 0
person 76 166 29 79 0 0 0 0 0 0 0
person 109 169 27 75 0 0 0 0 0 0 0
person 471 169 25 65 0 0 0 0 0 0 0
person 167 154 37 91 0 0 0 0 0 0 0
person 207 156 29 90 1 214 158 1 86 0 0
