% bbGt version=3
people 1 146 305 95 0 0 0 0 0 0 0
people 576 135 61 111 0 0 0 0 0 0 0
person 52 85 134 377 0 0 0 0 0 0 0
person 243 148 38 108 0 0 0 0 0 0 0
person 280 144 46 109 1 281 144 32 109 0 0
person 400 137 47 127 0 0 0 0 0 0 0
person 67 183 20 50 1 75 183 1 50 0 0
person 214 151 37 103 1 231 151 5 100 0 0
person 215 152 40 107 0 0 0 0 0 0 0
person 176 152 36 104 0 0 0 0 0 0 0
person 188 171 21 69 1 204 171 1 69 0 0
person 118 134 79 209 1 132 135 21 204 0 0
person 97 133 44 202 1 110 133 1 191 0 0
person 368 137 1 114 0 0 0 0 0 0 0
person 380 145 39 105 1 397 145 2 101 0 0
person 284 118 116 263 0 0 0 0 0 0 0
person 343 106 60 261 1 343 112 1 247 0 0
person 555 153 28 84 0 0 0 0 0 0 0
person 449 131 36 127 0 0 0 0 0 0 0
person 473 134 47 132 1 482 137 27 121 0 0
