% bbGt version=3
people 7 161 181 95 0 0 0 0 0 0 0
people 532 149 61 90 0 0 0 0 0 0 0
person 113 159 34 93 0 0 0 0 0 0 0
person 136 148 40 107 0 0 0 0 0 0 0
person 425 134 47 126 1 425 134 47 126 0 0
person 559 128 82 232 0 0 0 0 0 0 0
person 459 135 59 133 0 0 0 0 0 0 0
person 368 134 51 133 1 381 135 1 130 0 0
person 102 167 21 77 0 0 0 0 0 0 0
person 55 168 30 78 0 0 0 0 0 0 0
person 526 134 35 115 0 0 0 0 0 0 0
person 346 163 21 69 1 346 163 18 53 0 0
person 344 124 96 251 0 0 0 0 0 0 0
person 407 126 53 161 1 407 126 53 161 0 0
person 184 154 31 92 0 0 0 0 0 0 0
person 214 157 30 88 0 0 0 0 0 0 0
person 495 162 28 70 0 0 0 0 0 0 0
person 578 134 48 204 1 603 134 1 203 0 0
person 278 143 37 107 0 0 0 0 0 0 0
person 309 152 23 93 1 309 152 23 93 0 0
