% bbGt version=3
people 19 149 267 92 0 0 0 0 0 0 0
people 310 149 304 84 0 0 0 0 0 0 0
person 63 85 183 391 0 0 0 0 0 0 0
people 9 123 66 206 0 0 0 0 0 0 0
person 130 160 31 85 1 130 160 31 85 0 0
person 302 77 195 382 0 0 0 0 0 0 0
person 155 158 31 80 1 174 158 1 71 0 0
person 205 150 30 100 0 0 0 0 0 0 0
person 394 163 27 72 1 403 166 1 57 0 0
person 82 183 20 43 1 91 183 1 43 0 0
person 80 163 30 85 1 95 163 1 85 0 0
person 66 99 72 253 1 102 102 1 251 0 0
person 51 124 95 229 1 51 134 47 211 0 0
person 433 140 47 129 0 0 0 0 0 0 0
person 400 133 1 143 1 400 133 1 143 0 0
person 64 182 26 63 1 76 182 1 63 0 0
person 510 126 82 223 0 0 0 0 0 0 0
person 538 130 34 215 1 545 131 1 208 0 0
person 557 128 44 136 1 559 129 43 136 0 0
person 597 135 39 126 1 597 135 39 126 0 0
