% bbGt version=3
people 37 164 221 77 0 0 0 0 0 0 0
people 254 150 365 83 0 0 0 0 0 0 0
people 253 122 86 213 0 0 0 0 0 0 0
person 96 162 30 79 1 103 162 23 74 0 0
person 137 160 34 83 0 0 0 0 0 0 0
person 446 162 23 63 0 0 0 0 0 0 0
person 92 182 20 39 1 98 183 1 36 0 0
person 9 134 1 260 1 9 134 1 260 0 0
person 35 117 99 258 0 0 0 0 0 0 0
person 52 167 1 81 0 0 0 0 0 0 0
person 295 89 124 257 1 332 98 22 248 0 0
person 334 118 99 242 0 0 0 0 0 0 0
person 582 129 56 157 1 582 129 56 157 0 0
person 525 128 58 156 0 0 0 0 0 0 0
person 16 182 22 61 0 0 0 0 0 0 0
