% bbGt version=3
people 1 169 159 73 0 0 0 0 0 0 0
people 213 150 390 83 0 0 0 0 0 0 0
person 26 116 148 318 0 0 0 0 0 0 0
person 419 98 190 367 0 0 0 0 0 0 0
person 36 166 25 69 0 0 0 0 0 0 0
person 80 161 31 78 1 90 161 10 48 0 0
person 489 153 32 72 1 505 153 1 72 0 0
person 103 177 20 39 1 116 180 1 34 0 0
person 165 176 19 37 1 166 176 17 14 0 0
person 173 118 132 246 0 0 0 0 0 0 0
person 379 119 97 283 0 0 0 0 0 0 0
person 469 107 117 271 1 527 107 1 264 0 0
person 7 172 24 70 0 0 0 0 0 0 0
