% bbGt version=3
people 7 161 216 95 0 0 0 0 0 0 0
people 536 149 61 90 0 0 0 0 0 0 0
person 136 159 35 93 0 0 0 0 0 0 0
person 157 148 38 104 0 0 0 0 0 0 0
person 395 136 47 126 0 0 0 0 0 0 0
person 496 130 119 239 0 0 0 0 0 0 0
person 437 130 59 138 0 0 0 0 0 0 0
person 344 135 47 129 1 363 143 1 113 0 0
person 106 163 30 80 0 0 0 0 0 0 0
person 65 166 32 80 0 0 0 0 0 0 0
person 557 135 42 114 0 0 0 0 0 0 0
person 327 162 21 69 1 335 162 1 69 0 0
person 294 126 99 239 0 0 0 0 0 0 0
person 356 130 35 116 1 356 130 35 116 0 0
person 196 154 31 89 0 0 0 0 0 0 0
person 231 161 27 80 0 0 0 0 0 0 0
person 503 161 28 72 1 514 162 7 38 0 0
person 499 132 98 208 1 540 132 1 207 0 0
person 298 142 36 108 1 301 142 21 103 0 0
person 319 148 30 101 1 330 148 2 101 0 0
