% bbGt version=3
person 271 84 139 341 0 0 0 0 0 0 0
person 388 104 92 279 0 0 0 0 0 0 0
people 22 110 105 276 0 0 0 0 0 0 0
person 142 92 101 296 0 0 0 0 0 0 0
person 134 123 90 222 1 180 123 1 221 0 0
person 225 123 73 200 1 238 123 54 200 0 0
person 265 136 80 197 1 265 136 51 197 0 0
person 499 167 18 53 1 499 167 18 53 0 0
person 513 166 16 50 1 513 166 16 50 0 0
person 582 165 21 53 1 586 165 15 52 0 0
person 133 110 113 256 1 199 110 24 256 0 0
person 135 191 42 134 1 171 191 2 134 0 0
person 142 119 57 243 1 168 119 1 243 0 0
