% bbGt version=3
people 1 160 160 95 0 0 0 0 0 0 0
people 414 154 141 86 0 0 0 0 0 0 0
person 1 144 36 119 0 0 0 0 0 0 0
person 548 124 77 159 0 0 0 0 0 0 0
person 41 174 23 70 0 0 0 0 0 0 0
person 15 170 27 76 1 23 171 13 73 0 0
person 385 148 37 98 1 391 148 22 92 0 0
person 471 164 11 67 0 0 0 0 0 0 0
person 240 128 110 242 0 0 0 0 0 0 0
person 342 122 97 235 0 0 0 0 0 0 0
person 88 165 31 80 0 0 0 0 0 0 0
person 121 168 26 74 0 0 0 0 0 0 0
person 473 168 22 63 0 0 0 0 0 0 0
person 180 152 38 93 0 0 0 0 0 0 0
person 214 155 29 90 0 0 0 0 0 0 0
