% bbGt version=3
people 1 169 197 73 0 0 0 0 0 0 0
people 210 152 396 83 0 0 0 0 0 0 0
person 141 105 208 366 0 0 0 0 0 0 0
people 439 110 113 213 0 0 0 0 0 0 0
person 54 164 30 79 1 55 164 24 49 0 0
person 100 161 34 81 1 110 161 1 39 0 0
person 474 157 31 72 1 485 158 1 67 0 0
person 99 179 20 43 1 109 184 1 39 0 0
person 58 129 110 239 0 0 0 0 0 0 0
person 192 117 138 282 1 243 117 1 269 0 0
person 289 110 144 272 0 0 0 0 0 0 0
person 20 170 25 73 0 0 0 0 0 0 0
person 512 81 86 272 1 518 81 77 272 0 0
person 565 119 75 240 1 565 119 75 240 0 0
person 2 172 13 68 1 2 172 13 68 0 0
