% bbGt version=3
people 7 161 261 95 0 0 0 0 0 0 0
people 540 149 61 90 0 0 0 0 0 0 0
people 465 159 57 74 0 0 0 0 0 0 0
person 158 156 37 93 0 0 0 0 0 0 0
person 185 148 33 100 0 0 0 0 0 0 0
person 364 136 44 127 0 0 0 0 0 0 0
person 410 131 117 236 0 0 0 0 0 0 0
person 408 133 57 132 1 427 133 13 132 0 0
person 56 184 20 50 1 56 184 20 50 0 0
person 314 136 39 125 0 0 0 0 0 0 0
person 120 164 29 82 0 0 0 0 0 0 0
person 77 165 32 82 0 0 0 0 0 0 0
person 582 136 47 113 0 0 0 0 0 0 0
person 304 163 21 69 1 304 163 1 69 0 0
person 240 127 87 227 0 0 0 0 0 0 0
person 276 133 38 147 1 276 133 38 147 0 0
person 221 148 35 98 1 221 148 35 98 0 0
person 252 151 29 95 1 264 157 1 83 0 0
person 513 160 28 74 0 0 0 0 0 0 0
person 424 129 72 213 1 460 130 1 212 0 0
person 322 140 36 109 1 335 140 2 109 0 0
person 343 145 30 104 1 351 145 2 104 0 0
