% bbGt version=3
people 18 149 292 92 0 0 0 0 0 0 0
people 311 148 302 84 0 0 0 0 0 0 0
person 100 83 177 393 0 0 0 0 0 0 0
people 4 122 52 206 0 0 0 0 0 0 0
person 142 160 31 86 1 142 160 31 86 0 0
person 338 78 191 383 0 0 0 0 0 0 0
person 160 158 31 82 1 178 158 1 77 0 0
person 216 149 21 101 0 0 0 0 0 0 0
person 390 163 27 72 1 399 165 1 64 0 0
person 82 183 20 44 1 90 183 1 44 0 0
person 85 163 30 86 1 99 163 14 85 0 0
person 50 100 74 249 1 66 101 56 240 0 0
person 22 125 100 227 1 22 132 75 216 0 0
person 418 139 56 131 1 439 142 1 124 0 0
person 382 134 20 141 1 382 134 20 141 0 0
person 68 181 26 63 1 78 181 1 63 0 0
person 491 127 87 221 0 0 0 0 0 0 0
person 520 130 35 215 1 527 132 1 203 0 0
person 544 126 48 137 1 548 127 43 136 0 0
person 588 136 40 126 0 0 0 0 0 0 0
person 619 147 21 67 0 0 0 0 0 0 0
