% bbGt version=3
people 1 160 159 95 0 0 0 0 0 0 0
people 391 155 162 84 0 0 0 0 0 0 0
person 589 123 51 162 0 0 0 0 0 0 0
person 39 176 22 67 0 0 0 0 0 0 0
person 13 178 21 65 0 0 0 0 0 0 0
person 374 148 34 96 0 0 0 0 0 0 0
person 477 164 33 69 1 490 164 1 66 0 0
person 203 126 112 241 0 0 0 0 0 0 0
person 289 122 88 231 0 0 0 0 0 0 0
person 80 166 30 80 0 0 0 0 0 0 0
person 113 169 27 75 0 0 0 0 0 0 0
person 472 168 25 66 0 0 0 0 0 0 0
person 169 154 38 92 0 0 0 0 0 0 0
person 211 156 29 90 1 221 163 2 83 0 0
