% bbGt version=3
people 21 149 263 92 0 0 0 0 0 0 0
people 309 149 305 84 0 0 0 0 0 0 0
person 35 86 180 388 0 0 0 0 0 0 0
people 27 122 70 205 0 0 0 0 0 0 0
person 134 161 30 84 1 134 161 30 84 0 0
person 266 77 198 382 0 0 0 0 0 0 0
person 151 158 31 79 1 152 158 28 70 0 0
person 200 151 30 99 0 0 0 0 0 0 0
person 397 162 28 72 1 406 167 1 51 0 0
person 83 183 20 43 1 92 183 1 43 0 0
person 76 163 30 85 1 90 163 1 85 0 0
person 81 99 71 253 1 118 100 1 252 0 0
person 72 123 99 232 1 107 132 1 212 0 0
person 441 139 52 133 0 0 0 0 0 0 0
person 398 132 26 144 0 0 0 0 0 0 0
person 60 182 26 63 1 74 182 1 63 0 0
person 526 124 78 225 0 0 0 0 0 0 0
person 556 129 32 215 1 563 130 2 212 0 0
person 571 131 43 136 1 572 131 41 136 0 0
person 611 135 30 126 1 611 135 30 126 0 0
