% bbGt version=3
people 8 147 305 95 0 0 0 0 0 0 0
people 323 147 213 84 0 0 0 0 0 0 0
person 183 155 36 94 0 0 0 0 0 0 0
person 208 152 38 95 0 0 0 0 0 0 0
person 292 141 42 110 1 313 141 2 110 0 0
person 73 183 20 49 1 73 185 17 46 0 0
person 145 155 32 91 0 0 0 0 0 0 0
person 311 150 45 111 1 324 150 1 111 0 0
person 267 135 45 129 1 273 142 31 123 0 0
person 126 173 22 68 1 135 173 1 58 0 0
person 267 136 87 201 0 0 0 0 0 0 0
person 301 130 76 199 1 316 139 1 189 0 0
person 432 134 47 114 0 0 0 0 0 0 0
person 487 142 34 114 0 0 0 0 0 0 0
person 1 117 65 267 0 0 0 0 0 0 0
person 25 108 74 262 1 38 108 1 261 0 0
person 582 147 32 99 1 597 151 1 89 0 0
person 557 119 41 152 1 585 128 2 135 0 0
person 590 132 41 144 1 609 133 2 144 0 0
