% bbGt version=3
people 1 160 148 95 0 0 0 0 0 0 0
people 382 157 165 79 0 0 0 0 0 0 0
person 24 175 24 69 0 0 0 0 0 0 0
person 1 172 18 74 1 1 172 18 74 0 0
person 334 149 36 94 0 0 0 0 0 0 0
person 512 163 40 67 1 529 163 1 66 0 0
person 77 128 117 233 0 0 0 0 0 0 0
person 148 126 95 218 1 150 126 94 218 0 0
person 56 167 27 75 0 0 0 0 0 0 0
person 91 168 28 74 1 101 168 1 74 0 0
person 469 171 23 61 0 0 0 0 0 0 0
person 155 155 35 88 1 172 155 1 88 0 0
person 186 156 29 90 1 195 156 7 85 0 0
