% bbGt version=3
people 1 160 160 95 0 0 0 0 0 0 0
people 508 151 61 90 0 0 0 0 0 0 0
people 314 162 100 75 0 0 0 0 0 0 0
person 35 159 37 102 0 0 0 0 0 0 0
person 57 148 41 115 0 0 0 0 0 0 0
person 535 132 63 150 1 535 132 63 150 0 0
person 581 127 54 157 1 584 127 51 153 0 0
person 455 129 66 149 1 474 129 38 112 0 0
person 67 170 25 78 1 78 170 1 78 0 0
person 33 168 24 78 1 43 176 1 69 0 0
person 441 142 47 106 1 457 143 1 104 0 0
person 412 165 26 69 1 423 165 2 44 0 0
person 391 123 103 255 0 0 0 0 0 0 0
person 507 121 97 246 0 0 0 0 0 0 0
person 122 163 30 79 0 0 0 0 0 0 0
person 156 166 29 78 0 0 0 0 0 0 0
person 481 165 26 69 1 489 165 1 69 0 0
person 214 150 40 98 0 0 0 0 0 0 0
person 252 153 29 94 0 0 0 0 0 0 0
