% bbGt version=3
people 6 161 175 95 0 0 0 0 0 0 0
people 530 149 61 90 0 0 0 0 0 0 0
person 108 159 33 93 0 0 0 0 0 0 0
person 130 148 41 107 0 0 0 0 0 0 0
person 434 132 47 126 1 434 132 47 126 0 0
person 579 128 62 232 0 0 0 0 0 0 0
person 466 131 58 147 0 0 0 0 0 0 0
person 366 133 62 135 1 366 133 27 61 0 0
person 99 168 27 77 1 99 168 21 77 0 0
person 52 170 30 76 0 0 0 0 0 0 0
person 518 134 40 115 0 0 0 0 0 0 0
person 352 165 20 65 0 0 0 0 0 0 0
person 361 124 97 254 0 0 0 0 0 0 0
person 435 126 60 209 1 435 126 60 209 0 0
person 180 156 31 90 0 0 0 0 0 0 0
person 209 159 29 85 0 0 0 0 0 0 0
person 506 162 1 70 0 0 0 0 0 0 0
person 269 145 39 106 0 0 0 0 0 0 0
person 303 153 24 92 0 0 0 0 0 0 0
