% bbGt version=3
people 1 146 305 95 0 0 0 0 0 0 0
people 583 134 54 111 0 0 0 0 0 0 0
person 127 80 180 396 0 0 0 0 0 0 0
person 229 150 38 104 1 229 150 38 104 0 0
person 269 147 44 105 1 285 148 2 104 0 0
person 373 133 45 127 0 0 0 0 0 0 0
person 68 183 20 50 1 77 183 1 50 0 0
person 199 153 38 100 1 226 153 2 100 0 0
person 234 151 42 111 1 250 151 2 111 0 0
person 196 144 40 116 1 223 144 1 116 0 0
person 174 172 21 69 1 187 172 1 67 0 0
person 131 134 94 209 1 166 134 1 191 0 0
person 118 131 53 202 1 118 135 41 190 0 0
person 365 134 42 118 1 386 134 1 118 0 0
person 408 144 36 105 0 0 0 0 0 0 0
person 203 119 145 262 1 243 121 105 252 0 0
person 268 106 69 261 1 268 112 1 245 0 0
person 556 152 31 86 0 0 0 0 0 0 0
person 468 127 43 137 0 0 0 0 0 0 0
person 504 133 35 125 0 0 0 0 0 0 0
