% bbGt version=3
people 8 147 304 95 0 0 0 0 0 0 0
people 324 147 176 84 0 0 0 0 0 0 0
person 505 53 135 428 0 0 0 0 0 0 0
person 187 155 36 94 0 0 0 0 0 0 0
person 214 152 38 95 0 0 0 0 0 0 0
person 302 142 42 110 1 324 142 1 110 0 0
person 73 183 20 50 1 77 185 10 49 0 0
person 150 157 33 89 0 0 0 0 0 0 0
person 303 150 45 111 1 313 150 2 111 0 0
person 259 136 45 129 1 287 142 2 122 0 0
person 131 172 21 69 1 133 172 17 67 0 0
person 252 136 86 200 0 0 0 0 0 0 0
person 284 130 71 200 1 299 138 1 189 0 0
person 425 134 48 118 0 0 0 0 0 0 0
person 475 143 43 114 0 0 0 0 0 0 0
person 4 112 93 273 0 0 0 0 0 0 0
person 50 108 69 262 1 60 108 1 261 0 0
person 579 147 32 98 1 595 152 1 88 0 0
person 547 120 41 150 1 576 129 3 134 0 0
person 579 132 44 148 1 597 133 2 148 0 0
