% bbGt version=3
people 2 146 304 95 0 0 0 0 0 0 0
people 568 141 61 102 0 0 0 0 0 0 0
people 372 167 50 74 0 0 0 0 0 0 0
person 260 144 38 109 0 0 0 0 0 0 0
person 289 143 49 112 0 0 0 0 0 0 0
person 441 128 53 133 1 467 128 2 114 0 0
person 65 183 20 50 1 74 183 1 50 0 0
person 231 148 36 107 0 0 0 0 0 0 0
person 192 155 33 96 0 0 0 0 0 0 0
person 151 155 36 100 0 0 0 0 0 0 0
person 207 169 21 69 1 224 171 1 66 0 0
person 101 133 96 210 1 101 136 63 198 0 0
person 75 136 45 200 1 75 136 39 200 0 0
person 317 140 42 113 1 326 143 30 105 0 0
person 347 146 40 102 1 347 149 40 99 0 0
person 385 114 126 266 0 0 0 0 0 0 0
person 417 104 52 261 1 441 112 1 252 0 0
person 545 153 28 84 0 0 0 0 0 0 0
person 54 140 68 214 1 54 140 58 212 0 0
person 414 132 45 129 1 436 132 1 127 0 0
person 448 135 39 123 1 464 138 2 118 0 0
