% bbGt version=3
people 2 146 304 95 0 0 0 0 0 0 0
people 567 142 61 101 0 0 0 0 0 0 0
people 381 166 50 74 0 0 0 0 0 0 0
person 265 144 38 109 0 0 0 0 0 0 0
person 297 143 46 113 0 0 0 0 0 0 0
person 452 128 54 135 1 481 128 1 135 0 0
person 65 183 20 50 1 74 183 1 50 0 0
person 235 147 36 108 0 0 0 0 0 0 0
person 187 155 33 96 0 0 0 0 0 0 0
person 149 156 35 99 0 0 0 0 0 0 0
person 212 169 21 69 1 220 174 1 57 0 0
person 110 133 88 210 1 110 135 43 199 0 0
person 84 136 45 198 1 100 136 1 198 0 0
person 312 140 42 112 1 328 145 2 103 0 0
person 341 147 40 102 1 341 150 40 98 0 0
person 411 113 125 264 0 0 0 0 0 0 0
person 430 106 73 257 1 462 111 1 252 0 0
person 542 154 28 82 0 0 0 0 0 0 0
person 74 138 58 215 1 74 138 43 215 0 0
person 407 132 45 128 1 429 132 2 128 0 0
person 441 136 39 121 1 458 143 2 114 0 0
