% bbGt version=3
person 340 84 135 340 0 0 0 0 0 0 0
person 444 103 86 278 0 0 0 0 0 0 0
people 72 109 123 270 0 0 0 0 0 0 0
person 217 93 93 293 0 0 0 0 0 0 0
person 173 123 95 223 1 184 124 61 222 0 0
person 260 127 73 196 1 290 127 34 196 0 0
person 297 136 88 198 0 0 0 0 0 0 0
person 498 166 18 53 1 503 166 13 50 0 0
person 510 166 20 50 1 513 166 17 50 0 0
person 582 167 21 52 1 585 167 16 51 0 0
person 94 110 112 259 1 151 110 39 259 0 0
person 94 193 42 138 1 126 193 2 138 0 0
person 110 117 56 245 1 128 117 2 244 0 0
