% bbGt version=3
people 1 160 155 95 0 0 0 0 0 0 0
people 358 155 193 82 0 0 0 0 0 0 0
person 641 123 3 162 1 641 123 3 162 0 0
person 35 177 21 67 0 0 0 0 0 0 0
person 8 179 20 65 0 0 0 0 0 0 0
person 361 149 32 94 0 0 0 0 0 0 0
person 489 164 37 69 1 503 164 1 66 0 0
person 152 129 116 230 0 0 0 0 0 0 0
person 241 125 96 226 0 0 0 0 0 0 0
person 72 166 29 79 0 0 0 0 0 0 0
person 105 170 28 74 0 0 0 0 0 0 0
person 471 169 24 64 0 0 0 0 0 0 0
person 165 154 37 91 1 168 154 33 91 0 0
person 203 156 29 90 1 208 156 1 87 0 0
