% bbGt version=3
people 36 162 227 79 0 0 0 0 0 0 0
people 269 150 352 84 0 0 0 0 0 0 0
people 166 116 99 214 0 0 0 0 0 0 0
person 99 164 27 79 1 99 164 27 79 0 0
person 2 80 134 372 0 0 0 0 0 0 0
person 112 162 29 82 0 0 0 0 0 0 0
person 155 157 37 90 0 0 0 0 0 0 0
person 428 160 31 72 0 0 0 0 0 0 0
person 89 184 20 39 1 92 185 13 32 0 0
person 52 166 30 80 1 61 168 8 54 0 0
person 223 93 112 252 1 270 93 1 252 0 0
person 236 119 99 238 0 0 0 0 0 0 0
person 535 133 59 145 0 0 0 0 0 0 0
person 473 129 51 152 0 0 0 0 0 0 0
person 29 184 25 61 1 45 184 1 61 0 0
