% bbGt version=3
people 28 152 264 90 0 0 0 0 0 0 0
people 276 149 342 84 0 0 0 0 0 0 0
people 115 125 85 207 0 0 0 0 0 0 0
person 113 163 28 81 1 113 163 28 81 0 0
person 108 77 159 377 0 0 0 0 0 0 0
person 126 161 30 81 1 139 161 1 81 0 0
person 169 155 37 94 1 193 155 1 94 0 0
person 418 165 24 64 0 0 0 0 0 0 0
person 87 182 20 42 1 98 182 1 39 0 0
person 62 165 30 82 0 0 0 0 0 0 0
person 167 95 79 253 1 209 95 1 253 0 0
person 198 121 71 232 0 0 0 0 0 0 0
person 501 133 53 144 0 0 0 0 0 0 0
person 421 129 73 142 0 0 0 0 0 0 0
person 44 184 24 59 1 44 184 24 59 0 0
