% bbGt version=3
people 37 164 221 77 0 0 0 0 0 0 0
people 266 150 355 84 0 0 0 0 0 0 0
people 186 118 97 213 0 0 0 0 0 0 0
person 94 164 27 78 1 94 164 27 78 0 0
person 1 77 89 374 0 0 0 0 0 0 0
person 108 162 29 82 0 0 0 0 0 0 0
person 150 158 39 89 0 0 0 0 0 0 0
person 433 161 26 65 0 0 0 0 0 0 0
person 90 183 20 39 1 96 186 1 32 0 0
person 32 119 1 252 1 32 119 1 252 0 0
person 48 166 30 80 1 52 167 23 48 0 0
person 241 92 122 253 1 289 94 1 251 0 0
person 258 119 110 238 0 0 0 0 0 0 0
person 547 132 64 147 0 0 0 0 0 0 0
person 486 127 53 155 0 0 0 0 0 0 0
person 26 184 24 61 1 40 184 1 61 0 0
