% bbGt version=3
people 4 160 169 95 0 0 0 0 0 0 0
people 521 150 61 90 0 0 0 0 0 0 0
people 309 161 111 75 0 0 0 0 0 0 0
person 77 161 36 97 0 0 0 0 0 0 0
person 104 148 42 110 0 0 0 0 0 0 0
person 466 132 52 133 1 466 132 52 133 0 0
person 524 131 50 148 1 537 131 1 130 0 0
person 407 131 58 141 1 407 131 31 64 0 0
person 86 168 26 77 1 95 169 2 77 0 0
person 42 173 27 73 0 0 0 0 0 0 0
person 489 137 48 111 1 499 143 1 98 0 0
person 375 166 24 69 0 0 0 0 0 0 0
person 415 124 90 255 0 0 0 0 0 0 0
person 482 128 81 238 0 0 0 0 0 0 0
person 154 162 30 84 0 0 0 0 0 0 0
person 187 165 28 77 0 0 0 0 0 0 0
person 488 163 27 70 1 494 163 1 70 0 0
person 244 147 41 102 0 0 0 0 0 0 0
person 281 153 29 94 0 0 0 0 0 0 0
