% bbGt version=3
people 7 161 284 95 0 0 0 0 0 0 0
people 542 149 61 90 0 0 0 0 0 0 0
people 461 160 58 74 0 0 0 0 0 0 0
person 370 137 46 124 1 370 137 46 124 0 0
person 352 130 131 236 0 0 0 0 0 0 0
person 394 134 56 130 1 423 134 2 130 0 0
person 57 184 20 50 1 61 184 9 50 0 0
person 295 135 41 127 0 0 0 0 0 0 0
person 127 165 29 83 0 0 0 0 0 0 0
person 84 164 32 83 0 0 0 0 0 0 0
person 603 132 33 118 1 603 132 33 118 0 0
person 292 164 21 69 1 298 164 1 69 0 0
person 202 128 85 223 0 0 0 0 0 0 0
person 248 131 37 211 1 248 131 37 211 0 0
person 232 147 35 100 1 246 149 2 95 0 0
person 264 150 31 98 1 276 162 1 81 0 0
person 516 159 28 75 0 0 0 0 0 0 0
person 375 133 93 211 1 417 133 1 211 0 0
person 331 139 40 110 1 331 139 28 108 0 0
person 354 144 33 106 1 363 144 1 105 0 0
