% bbGt version=3
people 14 148 297 93 0 0 0 0 0 0 0
people 313 148 298 84 0 0 0 0 0 0 0
person 195 83 191 396 0 0 0 0 0 0 0
person 145 158 32 88 0 0 0 0 0 0 0
person 464 79 150 383 0 0 0 0 0 0 0
person 173 158 31 89 0 0 0 0 0 0 0
person 224 147 36 105 1 230 148 21 104 0 0
person 383 165 26 72 1 384 168 16 60 0 0
person 79 183 20 46 1 87 185 1 45 0 0
person 106 162 29 83 0 0 0 0 0 0 0
person 7 102 87 241 1 7 102 87 241 0 0
person 1 127 56 225 0 0 0 0 0 0 0
person 385 139 61 127 0 0 0 0 0 0 0
person 338 136 58 137 0 0 0 0 0 0 0
person 81 179 25 64 0 0 0 0 0 0 0
person 415 133 90 202 0 0 0 0 0 0 0
person 465 128 35 215 1 474 136 1 189 0 0
person 514 129 46 133 1 540 129 8 91 0 0
person 560 137 42 124 1 571 137 16 80 0 0
person 605 148 31 83 0 0 0 0 0 0 0
