% bbGt version=3
people 1 169 147 73 0 0 0 0 0 0 0
people 225 148 377 83 0 0 0 0 0 0 0
person 98 115 163 318 0 0 0 0 0 0 0
person 522 94 118 354 0 0 0 0 0 0 0
person 30 166 26 72 0 0 0 0 0 0 0
person 74 161 29 76 0 0 0 0 0 0 0
person 493 151 33 72 1 508 151 1 72 0 0
person 105 176 20 39 1 115 180 1 31 0 0
person 165 175 19 40 1 178 177 0 12 0 0
person 232 119 112 246 1 232 119 112 246 0 0
person 441 110 100 296 0 0 0 0 0 0 0
person 511 107 94 267 1 579 107 1 264 0 0
person 3 173 23 69 1 3 173 23 69 0 0
