% bbGt version=3
people 12 147 301 94 0 0 0 0 0 0 0
people 315 148 295 84 0 0 0 0 0 0 0
person 265 85 203 395 0 0 0 0 0 0 0
person 152 158 33 89 0 0 0 0 0 0 0
person 175 156 34 92 0 0 0 0 0 0 0
person 237 146 34 106 0 0 0 0 0 0 0
person 78 183 20 49 1 86 187 1 45 0 0
person 114 160 30 84 0 0 0 0 0 0 0
person 383 144 1 121 0 0 0 0 0 0 0
person 321 135 55 133 1 341 135 1 133 0 0
person 91 178 25 64 0 0 0 0 0 0 0
person 412 134 69 205 0 0 0 0 0 0 0
person 428 127 60 214 1 439 138 1 189 0 0
person 495 134 49 128 0 0 0 0 0 0 0
person 540 138 43 122 0 0 0 0 0 0 0
person 600 145 32 104 1 604 149 1 72 0 0
