% bbGt version=3
people 37 164 221 77 0 0 0 0 0 0 0
people 250 150 368 83 0 0 0 0 0 0 0
people 271 119 89 215 0 0 0 0 0 0 0
person 92 162 30 79 1 108 164 1 74 0 0
person 133 161 34 83 0 0 0 0 0 0 0
person 450 163 23 63 0 0 0 0 0 0 0
person 93 182 20 39 1 98 182 1 37 0 0
person 1 134 66 260 1 1 134 66 260 0 0
person 60 115 97 262 0 0 0 0 0 0 0
person 38 168 27 76 0 0 0 0 0 0 0
person 314 89 123 259 1 323 96 63 251 0 0
person 354 117 107 244 0 0 0 0 0 0 0
person 596 135 43 151 1 596 135 43 151 0 0
person 539 130 51 150 0 0 0 0 0 0 0
person 14 182 22 61 1 20 182 6 61 0 0
