% bbGt version=3
people 5 160 172 95 0 0 0 0 0 0 0
people 526 149 61 90 0 0 0 0 0 0 0
people 309 161 81 75 0 0 0 0 0 0 0
person 94 160 33 95 0 0 0 0 0 0 0
person 117 148 42 109 0 0 0 0 0 0 0
person 443 132 49 128 1 443 132 49 128 0 0
person 496 132 54 146 1 496 133 40 111 0 0
person 386 132 60 138 1 386 132 31 63 0 0
person 92 168 27 77 1 100 168 2 77 0 0
person 47 173 28 73 0 0 0 0 0 0 0
person 504 136 47 113 1 518 146 1 92 0 0
person 364 166 22 73 0 0 0 0 0 0 0
person 391 124 94 255 0 0 0 0 0 0 0
person 456 128 84 231 1 456 128 84 231 0 0
person 164 158 31 86 0 0 0 0 0 0 0
person 197 163 27 80 0 0 0 0 0 0 0
person 491 163 27 70 1 500 163 1 70 0 0
person 255 146 41 103 0 0 0 0 0 0 0
person 292 154 26 92 0 0 0 0 0 0 0
