% bbGt version=3
people 18 166 218 75 0 0 0 0 0 0 0
people 236 151 378 83 0 0 0 0 0 0 0
person 1 105 90 369 0 0 0 0 0 0 0
people 324 113 96 217 0 0 0 0 0 0 0
person 79 163 30 79 1 91 163 10 60 0 0
person 122 161 30 82 0 0 0 0 0 0 0
person 456 160 31 72 1 469 162 1 64 0 0
person 95 181 20 41 1 101 183 1 39 0 0
person 30 129 122 261 0 0 0 0 0 0 0
person 130 112 107 266 0 0 0 0 0 0 0
person 31 168 28 76 1 35 170 16 70 0 0
person 378 86 113 264 1 392 88 67 263 0 0
person 427 122 112 243 0 0 0 0 0 0 0
person 579 122 61 173 0 0 0 0 0 0 0
person 8 179 19 63 1 16 179 1 63 0 0
