% bbGt version=3
person 583 145 22 116 1 583 145 20 112 0 0
person 593 136 28 131 1 593 138 22 129 0 0
person 566 157 27 104 0 0 0 0 0 0 0
person 510 163 22 60 0 0 0 0 0 0 0
person 534 173 20 51 0 0 0 0 0 0 0
person 548 167 19 54 1 550 167 17 53 0 0
person 478 169 13 43 0 0 0 0 0 0 0
person 501 169 13 47 0 0 0 0 0 0 0
person 117 182 8 27 1 122 183 1 23 0 0
person 108 182 9 23 1 115 182 1 23 0 0
person 459 166 15 50 0 0 0 0 0 0 0
person 488 166 12 45 1 488 166 10 45 0 0
person 444 167 11 47 0 0 0 0 0 0 0
