% bbGt version=3
people 22 150 260 92 0 0 0 0 0 0 0
people 308 149 307 84 0 0 0 0 0 0 0
person 16 88 167 383 0 0 0 0 0 0 0
people 58 121 63 203 0 0 0 0 0 0 0
person 130 161 30 84 1 130 161 30 84 0 0
person 230 77 196 382 0 0 0 0 0 0 0
person 146 159 31 79 1 155 159 12 76 0 0
person 192 151 31 98 0 0 0 0 0 0 0
person 401 162 29 72 1 409 167 1 46 0 0
person 84 183 20 42 1 93 183 1 42 0 0
person 72 164 30 84 1 85 164 1 84 0 0
person 98 98 70 254 1 134 99 1 253 0 0
person 90 122 106 234 1 109 128 78 217 0 0
person 452 139 57 133 0 0 0 0 0 0 0
person 396 131 48 146 0 0 0 0 0 0 0
person 56 183 26 63 1 72 183 1 63 0 0
person 541 123 77 226 0 0 0 0 0 0 0
person 574 128 30 215 1 581 129 1 215 0 0
person 578 132 43 136 0 0 0 0 0 0 0
