% bbGt version=3
people 1 169 143 72 0 0 0 0 0 0 0
people 231 147 371 83 0 0 0 0 0 0 0
person 146 115 163 318 0 0 0 0 0 0 0
person 586 91 55 336 0 0 0 0 0 0 0
person 27 166 27 73 0 0 0 0 0 0 0
person 71 161 29 75 0 0 0 0 0 0 0
person 504 150 12 69 1 504 150 12 69 0 0
person 105 176 20 39 1 115 180 1 29 0 0
person 165 175 19 36 1 167 177 14 12 0 0
person 261 120 114 242 1 261 120 114 242 0 0
person 476 105 98 300 0 0 0 0 0 0 0
person 528 107 80 264 1 605 107 1 264 0 0
person 2 173 22 68 1 2 173 22 68 0 0
