% bbGt version=3
people 3 146 302 95 0 0 0 0 0 0 0
people 586 134 52 111 0 0 0 0 0 0 0
person 163 78 182 399 0 0 0 0 0 0 0
person 224 150 38 103 1 224 150 38 103 0 0
person 264 148 44 104 1 284 148 2 103 0 0
person 360 133 48 127 0 0 0 0 0 0 0
person 68 183 20 50 1 78 183 1 50 0 0
person 194 153 38 99 1 221 153 1 99 0 0
person 242 151 42 111 1 249 151 2 111 0 0
person 202 143 40 117 1 230 143 2 117 0 0
person 169 172 21 69 1 182 172 1 66 0 0
person 136 135 100 209 1 136 135 70 195 0 0
person 130 130 44 202 1 157 135 1 191 0 0
person 372 133 42 119 1 391 137 2 114 0 0
person 411 143 42 108 0 0 0 0 0 0 0
person 174 119 121 262 1 262 121 1 260 0 0
person 244 105 71 261 1 244 111 1 248 0 0
person 559 151 32 88 0 0 0 0 0 0 0
person 477 127 41 136 0 0 0 0 0 0 0
person 512 134 37 126 0 0 0 0 0 0 0
