% bbGt version=3
people 33 164 221 77 0 0 0 0 0 0 0
people 245 151 371 83 0 0 0 0 0 0 0
people 289 116 92 217 0 0 0 0 0 0 0
person 88 163 30 79 1 100 165 2 74 0 0
person 130 161 34 83 1 145 161 2 83 0 0
person 450 160 31 72 1 454 164 22 62 0 0
person 94 182 20 39 1 99 182 1 39 0 0
person 1 127 68 261 0 0 0 0 0 0 0
person 82 113 97 263 0 0 0 0 0 0 0
person 35 168 29 77 1 44 168 1 74 0 0
person 335 88 121 261 1 344 92 65 257 0 0
person 369 118 116 246 0 0 0 0 0 0 0
person 552 129 54 154 0 0 0 0 0 0 0
person 12 181 21 61 1 14 181 1 61 0 0
