% bbGt version=3
person 574 146 21 114 1 574 147 19 110 0 0
person 583 139 28 125 1 583 140 23 124 0 0
person 558 159 27 99 0 0 0 0 0 0 0
person 508 164 21 60 0 0 0 0 0 0 0
person 529 170 25 55 0 0 0 0 0 0 0
person 545 168 16 53 1 546 168 14 51 0 0
person 475 170 13 43 0 0 0 0 0 0 0
person 497 169 13 46 0 0 0 0 0 0 0
person 117 183 8 27 1 123 183 1 22 0 0
person 108 183 9 23 1 116 183 1 22 0 0
person 457 167 15 50 0 0 0 0 0 0 0
person 486 166 12 45 1 486 166 7 45 0 0
person 440 167 12 46 0 0 0 0 0 0 0
