% bbGt version=3
people 7 161 304 95 0 0 0 0 0 0 0
people 561 144 61 98 0 0 0 0 0 0 0
people 420 165 59 74 0 0 0 0 0 0 0
person 302 142 43 113 0 0 0 0 0 0 0
person 187 133 119 236 0 0 0 0 0 0 0
person 348 139 48 120 0 0 0 0 0 0 0
person 539 125 59 151 1 548 125 44 149 0 0
person 61 183 20 50 1 74 183 1 50 0 0
person 266 142 29 116 0 0 0 0 0 0 0
person 150 156 41 97 1 170 156 1 85 0 0
person 115 160 36 88 1 126 160 1 88 0 0
person 250 167 21 69 1 266 167 1 68 0 0
person 115 133 63 203 0 0 0 0 0 0 0
person 148 126 50 209 1 167 132 1 199 0 0
person 272 144 39 106 1 284 145 2 104 0 0
person 306 147 32 101 1 322 147 2 101 0 0
person 579 114 61 256 0 0 0 0 0 0 0
person 553 105 72 251 1 598 108 1 248 0 0
person 530 156 25 75 0 0 0 0 0 0 0
person 242 134 65 217 1 252 134 20 209 0 0
person 370 136 43 119 1 373 137 34 111 0 0
person 402 140 30 112 0 0 0 0 0 0 0
