% bbGt version=3
people 1 169 191 73 0 0 0 0 0 0 0
people 206 152 399 83 0 0 0 0 0 0 0
person 210 105 167 365 0 0 0 0 0 0 0
people 468 108 105 221 0 0 0 0 0 0 0
person 50 164 31 78 1 52 165 29 72 0 0
person 97 161 34 81 1 104 161 8 36 0 0
person 477 157 25 67 0 0 0 0 0 0 0
person 100 179 20 43 1 111 183 1 39 0 0
person 164 176 19 36 1 164 176 18 15 0 0
person 79 125 103 242 0 0 0 0 0 0 0
person 215 116 132 282 1 269 116 1 274 0 0
person 325 110 121 275 0 0 0 0 0 0 0
person 19 170 23 70 0 0 0 0 0 0 0
person 542 80 72 272 1 542 80 72 272 0 0
