% bbGt version=3
people 1 146 304 95 0 0 0 0 0 0 0
people 572 138 61 107 0 0 0 0 0 0 0
person 18 87 84 360 0 0 0 0 0 0 0
person 252 146 38 109 0 0 0 0 0 0 0
person 285 144 48 110 0 0 0 0 0 0 0
person 417 130 51 127 1 423 131 36 80 0 0
person 66 183 20 50 1 75 183 1 50 0 0
person 223 149 37 105 1 232 149 28 105 0 0
person 204 152 39 103 0 0 0 0 0 0 0
person 163 151 37 105 0 0 0 0 0 0 0
person 198 170 21 69 1 215 170 1 69 0 0
person 105 134 92 209 1 105 134 66 202 0 0
person 71 133 44 202 1 71 133 44 202 0 0
person 329 139 42 113 1 330 139 39 110 0 0
person 365 146 37 104 1 383 146 2 103 0 0
person 333 117 122 265 0 0 0 0 0 0 0
person 387 106 52 261 1 394 113 1 251 0 0
person 551 153 28 85 0 0 0 0 0 0 0
person 429 130 45 132 1 451 133 9 121 0 0
person 459 134 44 129 1 468 137 25 119 0 0
