% bbGt version=3
people 9 147 307 95 0 0 0 0 0 0 0
people 319 147 288 84 0 0 0 0 0 0 0
person 456 81 144 400 0 0 0 0 0 0 0
person 170 157 35 92 0 0 0 0 0 0 0
person 192 154 39 94 0 0 0 0 0 0 0
person 265 141 42 110 0 0 0 0 0 0 0
person 76 183 20 45 1 83 185 1 43 0 0
person 129 158 34 88 0 0 0 0 0 0 0
person 334 149 46 113 1 353 149 2 113 0 0
person 290 134 47 129 0 0 0 0 0 0 0
person 111 176 23 66 0 0 0 0 0 0 0
person 313 138 110 204 0 0 0 0 0 0 0
person 352 129 46 203 1 368 141 1 192 0 0
person 456 134 49 128 1 481 134 1 105 0 0
person 505 140 45 118 1 530 140 2 99 0 0
person 590 146 32 102 1 602 150 1 92 0 0
person 596 121 37 146 0 0 0 0 0 0 0
person 609 132 36 128 1 625 132 19 128 0 0
