% bbGt version=3
people 7 146 303 95 0 0 0 0 0 0 0
people 595 134 43 111 0 0 0 0 0 0 0
people 325 147 158 84 0 0 0 0 0 0 0
person 389 63 211 418 0 0 0 0 0 0 0
person 195 154 37 96 0 0 0 0 0 0 0
person 231 151 22 97 0 0 0 0 0 0 0
person 320 142 43 112 0 0 0 0 0 0 0
person 71 183 20 50 1 81 183 1 50 0 0
person 163 157 37 86 0 0 0 0 0 0 0
person 290 150 38 107 0 0 0 0 0 0 0
person 244 137 44 126 1 269 139 2 124 0 0
person 140 174 21 69 1 140 174 21 66 0 0
person 220 135 91 199 0 0 0 0 0 0 0
person 252 131 44 202 1 266 137 1 188 0 0
person 412 134 40 122 0 0 0 0 0 0 0
person 459 144 45 113 1 478 144 1 86 0 0
person 27 115 122 267 0 0 0 0 0 0 0
person 100 109 58 263 1 104 109 1 261 0 0
person 574 148 32 96 1 592 153 1 86 0 0
person 530 121 41 148 1 538 132 30 133 0 0
person 557 132 50 132 1 566 135 42 129 0 0
