% bbGt version=3
person 557 149 18 107 1 557 149 18 107 0 0
person 567 144 26 119 1 569 145 13 90 0 0
person 541 163 26 89 0 0 0 0 0 0 0
person 504 165 20 59 0 0 0 0 0 0 0
person 523 171 26 55 0 0 0 0 0 0 0
person 542 169 15 51 1 546 169 1 49 0 0
person 474 170 13 42 0 0 0 0 0 0 0
person 489 169 13 45 0 0 0 0 0 0 0
person 117 184 9 26 1 126 185 1 22 0 0
person 107 185 11 24 1 117 185 1 22 0 0
person 452 170 15 47 0 0 0 0 0 0 0
person 481 167 12 45 1 483 167 3 45 0 0
person 438 172 12 44 0 0 0 0 0 0 0
