% bbGt version=3
people 33 159 239 83 0 0 0 0 0 0 0
people 271 150 348 84 0 0 0 0 0 0 0
people 149 116 94 214 0 0 0 0 0 0 0
person 104 163 28 79 1 104 163 28 79 0 0
person 14 81 166 371 0 0 0 0 0 0 0
person 116 162 29 82 0 0 0 0 0 0 0
person 159 156 38 91 1 181 156 1 91 0 0
person 424 160 31 72 0 0 0 0 0 0 0
person 89 180 20 42 1 100 180 1 36 0 0
person 55 166 30 81 1 71 167 1 66 0 0
person 204 93 96 252 1 249 93 1 252 0 0
person 209 120 104 245 0 0 0 0 0 0 0
person 523 134 53 143 0 0 0 0 0 0 0
person 461 132 51 147 0 0 0 0 0 0 0
person 33 184 25 61 1 38 184 17 59 0 0
