% bbGt version=3
people 17 148 294 93 0 0 0 0 0 0 0
people 312 148 301 84 0 0 0 0 0 0 0
person 135 83 174 394 0 0 0 0 0 0 0
person 146 160 32 86 1 146 160 32 86 0 0
person 373 78 188 383 0 0 0 0 0 0 0
person 165 158 31 85 1 182 158 1 84 0 0
person 212 148 35 102 1 232 148 1 102 0 0
person 387 164 26 72 1 396 164 1 71 0 0
person 81 183 20 44 1 89 183 1 44 0 0
person 99 162 31 84 0 0 0 0 0 0 0
person 35 101 78 247 1 49 102 54 237 0 0
person 19 126 76 225 0 0 0 0 0 0 0
person 406 139 59 131 1 419 143 30 122 0 0
person 357 135 58 140 0 0 0 0 0 0 0
person 73 180 26 64 1 88 180 9 64 0 0
person 448 128 115 219 1 503 128 1 204 0 0
person 502 130 35 215 1 510 133 1 198 0 0
person 532 127 46 135 1 532 127 43 101 0 0
person 579 136 41 126 0 0 0 0 0 0 0
person 614 147 26 94 0 0 0 0 0 0 0
