% bbGt version=3
people 1 169 185 73 0 0 0 0 0 0 0
people 201 152 403 83 0 0 0 0 0 0 0
person 280 105 125 364 0 0 0 0 0 0 0
people 497 106 96 228 0 0 0 0 0 0 0
person 47 165 30 77 1 49 165 29 75 0 0
person 94 161 29 64 0 0 0 0 0 0 0
person 480 156 28 69 0 0 0 0 0 0 0
person 101 178 20 42 1 113 182 1 39 0 0
person 164 176 19 35 1 164 177 17 14 0 0
person 99 120 97 244 0 0 0 0 0 0 0
person 236 115 121 282 1 296 115 1 280 0 0
person 359 109 142 279 1 365 109 84 279 0 0
person 16 170 24 72 1 22 170 15 69 0 0
person 571 79 57 272 1 571 79 57 272 0 0
