% bbGt version=3
people 1 169 179 73 0 0 0 0 0 0 0
people 197 152 406 83 0 0 0 0 0 0 0
person 1 117 90 309 0 0 0 0 0 0 0
person 319 104 128 362 0 0 0 0 0 0 0
people 518 105 94 230 0 0 0 0 0 0 0
person 45 165 29 76 1 45 165 28 47 0 0
person 89 160 33 81 0 0 0 0 0 0 0
person 482 155 31 72 0 0 0 0 0 0 0
person 101 178 20 41 1 115 181 1 39 0 0
person 165 176 19 35 1 175 179 1 13 0 0
person 116 118 103 246 0 0 0 0 0 0 0
person 272 114 108 286 1 274 122 78 271 0 0
person 390 104 138 277 1 403 104 95 269 0 0
person 14 171 24 71 1 33 171 1 71 0 0
