% bbGt version=3
people 9 147 308 95 0 0 0 0 0 0 0
people 317 148 291 84 0 0 0 0 0 0 0
person 361 85 186 395 0 0 0 0 0 0 0
person 159 158 34 90 0 0 0 0 0 0 0
person 181 154 39 93 0 0 0 0 0 0 0
person 251 143 40 109 0 0 0 0 0 0 0
person 77 183 20 51 1 84 189 1 45 0 0
person 121 157 34 90 0 0 0 0 0 0 0
person 342 146 48 117 1 368 146 1 117 0 0
person 304 134 50 130 0 0 0 0 0 0 0
person 101 177 24 65 0 0 0 0 0 0 0
person 347 136 110 205 1 390 141 2 187 0 0
person 390 128 53 209 1 403 139 1 190 0 0
person 484 134 38 80 0 0 0 0 0 0 0
person 526 139 40 117 0 0 0 0 0 0 0
person 593 150 27 93 0 0 0 0 0 0 0
person 600 123 40 146 0 0 0 0 0 0 0
