% bbGt version=3
person 437 84 116 334 0 0 0 0 0 0 0
person 525 102 77 276 0 0 0 0 0 0 0
people 201 103 104 292 0 0 0 0 0 0 0
person 325 96 85 287 0 0 0 0 0 0 0
person 236 122 100 225 1 283 122 26 225 0 0
person 315 130 73 192 1 347 130 1 192 0 0
person 378 137 84 200 1 378 137 84 200 0 0
person 496 166 18 53 1 509 166 1 52 0 0
person 508 166 19 49 1 517 166 5 47 0 0
person 582 168 21 50 1 589 168 7 50 0 0
person 35 113 110 250 0 0 0 0 0 0 0
person 11 196 63 160 1 59 196 2 145 0 0
person 61 114 55 247 1 66 114 3 247 0 0
