% bbGt version=3
people 7 161 304 95 0 0 0 0 0 0 0
people 568 142 61 101 0 0 0 0 0 0 0
people 419 165 50 74 0 0 0 0 0 0 0
person 294 142 39 111 0 0 0 0 0 0 0
person 135 132 101 238 0 0 0 0 0 0 0
person 333 141 48 117 0 0 0 0 0 0 0
person 510 124 59 149 1 542 125 1 143 0 0
person 63 183 20 50 1 75 183 1 50 0 0
person 251 144 34 113 0 0 0 0 0 0 0
person 159 155 41 99 1 179 155 1 93 0 0
person 124 159 35 87 1 140 159 1 87 0 0
person 238 167 21 69 1 253 168 2 67 0 0
person 106 131 79 208 1 106 133 59 198 0 0
person 121 130 47 206 1 144 132 1 200 0 0
person 283 143 40 107 1 296 145 2 104 0 0
person 319 147 32 101 1 332 147 2 101 0 0
person 513 114 119 260 0 0 0 0 0 0 0
person 514 105 91 256 1 563 107 1 249 0 0
person 533 155 28 84 1 546 161 1 72 0 0
person 199 135 75 218 1 200 135 74 210 0 0
person 385 136 33 117 0 0 0 0 0 0 0
person 414 139 29 112 0 0 0 0 0 0 0
