% bbGt version=3
people 6 146 300 95 0 0 0 0 0 0 0
people 591 134 47 111 0 0 0 0 0 0 0
person 241 74 190 404 0 0 0 0 0 0 0
person 214 152 37 100 1 214 152 37 100 0 0
person 254 149 42 101 1 277 149 2 101 0 0
person 347 136 45 125 1 359 136 24 125 0 0
person 69 183 20 50 1 80 183 1 50 0 0
person 183 155 39 97 1 210 155 1 96 0 0
person 257 150 43 111 1 266 150 2 108 0 0
person 216 140 42 121 1 242 141 2 120 0 0
person 159 173 21 69 1 171 173 1 63 0 0
person 156 134 109 208 1 193 134 3 204 0 0
person 168 132 44 202 1 193 135 1 190 0 0
person 393 135 39 124 0 0 0 0 0 0 0
person 430 145 43 109 0 0 0 0 0 0 0
person 132 118 117 265 0 0 0 0 0 0 0
person 197 105 75 261 1 197 110 1 254 0 0
person 563 149 32 92 0 0 0 0 0 0 0
person 494 128 38 134 0 0 0 0 0 0 0
person 528 134 39 129 0 0 0 0 0 0 0
