% bbGt version=3
person 111 84 137 334 0 0 0 0 0 0 0
person 233 106 106 282 0 0 0 0 0 0 0
person 3 92 74 299 0 0 0 0 0 0 0
person 42 123 87 213 1 42 123 87 213 0 0
person 136 130 73 193 1 176 130 1 193 0 0
person 170 134 68 195 1 203 134 18 162 0 0
person 499 167 18 53 1 499 167 18 53 0 0
person 512 165 18 50 1 512 165 18 50 0 0
person 582 164 21 55 1 586 164 6 55 0 0
person 231 110 116 254 1 298 110 44 205 0 0
person 232 184 42 158 1 252 184 2 158 0 0
person 235 123 60 238 1 273 123 1 238 0 0
person 517 97 86 244 0 0 0 0 0 0 0
