% bbGt version=3
person 207 84 137 340 0 0 0 0 0 0 0
person 328 104 97 280 0 0 0 0 0 0 0
person 66 91 111 298 0 0 0 0 0 0 0
person 94 123 85 220 1 139 123 1 220 0 0
person 189 129 73 194 1 233 129 1 194 0 0
person 227 135 76 196 1 255 135 1 196 0 0
person 499 167 18 53 1 499 167 18 53 0 0
person 514 166 16 50 1 514 166 16 50 0 0
person 582 164 21 54 1 583 164 19 51 0 0
person 172 102 114 261 1 221 102 37 229 0 0
person 174 188 42 131 1 176 188 37 93 0 0
person 177 121 58 241 1 214 121 1 241 0 0
