% bbGt version=3
people 1 160 160 95 0 0 0 0 0 0 0
people 501 152 61 90 0 0 0 0 0 0 0
people 322 164 54 75 0 0 0 0 0 0 0
person 7 159 41 103 0 0 0 0 0 0 0
person 33 144 41 117 0 0 0 0 0 0 0
person 573 127 63 154 0 0 0 0 0 0 0
person 601 127 39 157 1 601 127 39 157 0 0
person 488 127 68 151 1 517 127 31 149 0 0
person 59 170 25 78 1 70 170 1 78 0 0
person 26 169 27 77 1 38 170 1 76 0 0
person 417 145 44 103 1 420 146 30 48 0 0
person 434 162 24 69 1 444 162 1 57 0 0
person 356 123 105 255 0 0 0 0 0 0 0
person 455 121 114 244 0 0 0 0 0 0 0
person 111 165 27 77 0 0 0 0 0 0 0
person 143 167 26 74 0 0 0 0 0 0 0
person 477 166 26 68 1 485 166 1 68 0 0
person 202 150 39 96 0 0 0 0 0 0 0
person 238 156 29 89 0 0 0 0 0 0 0
