% bbGt version=3
people 3 168 216 74 0 0 0 0 0 0 0
people 227 151 384 83 0 0 0 0 0 0 0
person 16 104 149 369 0 0 0 0 0 0 0
people 362 113 100 213 0 0 0 0 0 0 0
person 71 163 30 79 1 87 163 1 55 0 0
person 115 161 34 82 1 127 161 1 79 0 0
person 463 159 31 72 1 472 163 7 61 0 0
person 96 180 20 43 1 103 185 1 39 0 0
person 1 133 19 232 1 14 133 6 232 0 0
person 94 118 102 279 1 99 118 85 278 0 0
person 183 111 126 269 0 0 0 0 0 0 0
person 28 169 27 75 1 41 169 1 75 0 0
person 420 84 108 267 1 442 85 65 267 0 0
person 478 121 103 243 0 0 0 0 0 0 0
person 5 177 18 65 1 7 177 1 65 0 0
