% bbGt version=3
people 7 161 304 95 0 0 0 0 0 0 0
people 551 147 61 93 0 0 0 0 0 0 0
people 439 163 61 74 0 0 0 0 0 0 0
person 353 138 46 122 1 353 138 46 122 0 0
person 268 130 95 238 0 0 0 0 0 0 0
person 371 137 48 124 0 0 0 0 0 0 0
person 596 130 38 153 1 596 130 37 151 0 0
person 60 183 20 50 1 72 183 1 50 0 0
person 272 139 40 120 1 272 143 27 112 0 0
person 137 159 40 94 1 149 164 8 80 0 0
person 102 161 36 89 0 0 0 0 0 0 0
person 268 165 21 69 1 287 166 1 69 0 0
person 127 130 80 214 0 0 0 0 0 0 0
person 185 132 48 198 1 185 132 48 198 0 0
person 252 145 40 103 1 252 145 32 103 0 0
person 287 148 32 101 1 304 151 1 91 0 0
person 524 156 28 80 0 0 0 0 0 0 0
person 283 137 85 212 1 331 137 1 209 0 0
person 355 137 41 115 1 367 137 1 112 0 0
person 377 141 40 110 1 388 141 1 108 0 0
