% bbGt version=3
person 405 84 124 336 0 0 0 0 0 0 0
person 499 102 80 277 0 0 0 0 0 0 0
people 159 108 105 283 0 0 0 0 0 0 0
person 291 95 84 291 0 0 0 0 0 0 0
person 215 123 99 224 1 240 123 57 224 0 0
person 297 130 73 192 1 330 130 1 192 0 0
person 345 136 97 199 1 345 136 97 199 0 0
person 497 166 18 53 1 500 166 14 52 0 0
person 508 166 19 49 1 511 166 11 49 0 0
person 582 168 21 50 1 584 168 18 50 0 0
person 54 113 111 250 0 0 0 0 0 0 0
person 26 195 68 162 1 81 195 2 143 0 0
person 78 115 55 246 1 87 115 3 246 0 0
