% bbGt version=3
people 11 167 217 75 0 0 0 0 0 0 0
people 232 151 381 83 0 0 0 0 0 0 0
person 1 105 129 369 0 0 0 0 0 0 0
people 342 113 96 215 0 0 0 0 0 0 0
person 75 163 30 79 1 91 163 1 57 0 0
person 119 161 34 82 1 137 161 1 78 0 0
person 460 159 31 72 1 472 163 1 62 0 0
person 96 181 20 42 1 102 184 1 39 0 0
person 1 131 17 235 1 15 131 1 235 0 0
person 61 122 110 275 1 61 127 110 269 0 0
person 157 112 117 267 0 0 0 0 0 0 0
person 29 168 27 75 1 48 168 1 75 0 0
person 401 85 108 266 1 417 86 66 265 0 0
person 455 123 110 242 0 0 0 0 0 0 0
person 594 121 47 174 1 594 121 47 174 0 0
person 6 178 19 64 1 11 178 1 64 0 0
