% bbGt version=3
people 1 160 161 95 0 0 0 0 0 0 0
people 510 151 61 90 0 0 0 0 0 0 0
people 313 162 103 75 0 0 0 0 0 0 0
person 41 160 37 101 0 0 0 0 0 0 0
person 66 148 38 113 0 0 0 0 0 0 0
person 524 132 61 147 1 524 132 61 147 0 0
person 571 128 50 155 1 581 128 33 150 0 0
person 447 129 65 148 1 481 129 1 94 0 0
person 70 169 25 77 1 80 169 1 77 0 0
person 38 176 13 69 0 0 0 0 0 0 0
person 450 141 47 107 1 464 144 1 103 0 0
person 404 166 25 39 0 0 0 0 0 0 0
person 402 123 102 255 0 0 0 0 0 0 0
person 515 121 90 246 0 0 0 0 0 0 0
person 127 163 30 79 0 0 0 0 0 0 0
person 161 164 32 81 0 0 0 0 0 0 0
person 482 165 26 69 1 483 165 1 69 0 0
person 219 149 39 98 0 0 0 0 0 0 0
person 257 152 29 95 0 0 0 0 0 0 0
