% bbGt version=3
people 6 146 301 95 0 0 0 0 0 0 0
people 593 134 45 111 0 0 0 0 0 0 0
person 284 72 197 407 0 0 0 0 0 0 0
person 209 152 37 99 1 209 152 37 99 0 0
person 248 149 42 100 1 269 149 2 100 0 0
person 341 137 44 122 1 360 137 2 122 0 0
person 69 183 20 50 1 80 183 1 50 0 0
person 177 155 39 96 1 198 155 1 92 0 0
person 270 150 14 107 0 0 0 0 0 0 0
person 223 139 42 122 1 248 140 2 121 0 0
person 154 173 21 69 1 166 173 1 62 0 0
person 194 133 76 206 0 0 0 0 0 0 0
person 191 133 44 202 1 211 136 1 189 0 0
person 393 134 48 126 1 403 137 38 116 0 0
person 442 146 44 111 0 0 0 0 0 0 0
person 115 111 123 272 0 0 0 0 0 0 0
person 173 106 71 261 1 173 110 1 257 0 0
person 566 148 32 93 0 0 0 0 0 0 0
person 504 124 41 138 0 0 0 0 0 0 0
person 536 134 41 131 0 0 0 0 0 0 0
