% bbGt version=3
people 3 160 167 95 0 0 0 0 0 0 0
people 519 150 61 90 0 0 0 0 0 0 0
people 309 161 118 75 0 0 0 0 0 0 0
person 66 161 39 98 0 0 0 0 0 0 0
person 97 148 42 110 0 0 0 0 0 0 0
person 477 132 54 136 1 477 132 54 136 0 0
person 533 131 50 149 1 548 131 1 149 0 0
person 416 131 59 142 1 418 131 31 64 0 0
person 83 169 26 77 1 92 169 2 77 0 0
person 41 173 26 73 0 0 0 0 0 0 0
person 482 138 48 110 1 493 144 1 99 0 0
person 381 166 25 69 0 0 0 0 0 0 0
person 424 124 88 255 0 0 0 0 0 0 0
person 495 126 79 241 0 0 0 0 0 0 0
person 150 163 29 83 0 0 0 0 0 0 0
person 182 165 29 77 0 0 0 0 0 0 0
person 487 164 27 69 1 492 164 1 69 0 0
person 239 148 38 100 0 0 0 0 0 0 0
person 276 151 29 97 0 0 0 0 0 0 0
