% bbGt version=3
people 1 169 202 73 0 0 0 0 0 0 0
people 193 151 414 83 0 0 0 0 0 0 0
person 110 102 182 367 0 0 0 0 0 0 0
people 422 112 113 213 0 0 0 0 0 0 0
person 58 164 30 79 1 73 164 1 47 0 0
person 104 161 34 81 1 111 161 22 70 0 0
person 472 158 31 72 1 485 158 1 69 0 0
person 99 179 20 44 1 108 185 1 39 0 0
person 35 130 105 237 0 0 0 0 0 0 0
person 169 118 138 281 1 216 118 1 263 0 0
person 270 111 96 265 0 0 0 0 0 0 0
person 22 169 25 73 0 0 0 0 0 0 0
person 483 82 98 272 1 505 82 62 271 0 0
person 538 124 99 237 0 0 0 0 0 0 0
person 3 173 14 67 1 3 173 14 67 0 0
