% bbGt version=3
people 26 151 250 91 0 0 0 0 0 0 0
people 278 149 339 84 0 0 0 0 0 0 0
people 97 132 80 201 0 0 0 0 0 0 0
person 118 162 29 81 1 118 162 29 81 0 0
person 140 78 150 379 0 0 0 0 0 0 0
person 131 160 30 81 1 144 160 1 81 0 0
person 174 154 36 95 1 199 154 2 95 0 0
person 415 166 23 62 0 0 0 0 0 0 0
person 86 182 20 42 1 97 182 1 40 0 0
person 64 165 30 82 0 0 0 0 0 0 0
person 149 96 75 253 1 189 96 1 253 0 0
person 146 121 109 240 1 200 124 1 230 0 0
person 488 134 56 141 0 0 0 0 0 0 0
person 412 129 69 142 0 0 0 0 0 0 0
person 51 184 20 57 1 51 184 20 57 0 0
person 572 119 66 227 1 572 119 66 227 0 0
