% bbGt version=3
people 5 146 300 95 0 0 0 0 0 0 0
people 588 134 49 111 0 0 0 0 0 0 0
person 199 76 184 401 0 0 0 0 0 0 0
person 219 151 37 102 1 219 151 37 102 0 0
person 259 148 43 102 1 282 148 2 102 0 0
person 355 134 41 126 0 0 0 0 0 0 0
person 68 183 20 50 1 79 183 1 50 0 0
person 189 154 38 98 1 216 154 1 98 0 0
person 250 151 43 111 1 257 151 2 109 0 0
person 209 141 41 119 1 236 142 2 119 0 0
person 164 172 21 69 1 176 172 1 65 0 0
person 145 135 105 208 1 169 135 26 202 0 0
person 143 131 44 202 1 175 135 1 190 0 0
person 390 139 30 113 0 0 0 0 0 0 0
person 420 144 43 109 0 0 0 0 0 0 0
person 145 120 125 262 1 202 121 39 260 0 0
person 220 105 73 261 1 220 111 1 251 0 0
person 561 150 32 90 0 0 0 0 0 0 0
person 485 128 40 135 0 0 0 0 0 0 0
person 520 134 38 128 0 0 0 0 0 0 0
