% bbGt version=3
people 9 147 308 95 0 0 0 0 0 0 0
people 318 147 290 84 0 0 0 0 0 0 0
person 419 81 155 399 0 0 0 0 0 0 0
person 165 157 34 91 0 0 0 0 0 0 0
person 186 154 39 93 0 0 0 0 0 0 0
person 258 142 42 110 0 0 0 0 0 0 0
person 76 183 20 48 1 84 187 1 44 0 0
person 126 157 37 90 0 0 0 0 0 0 0
person 339 147 47 115 1 360 147 1 115 0 0
person 297 134 48 129 0 0 0 0 0 0 0
person 106 176 24 66 0 0 0 0 0 0 0
person 330 138 109 204 1 343 141 64 192 0 0
person 371 129 49 206 1 385 140 1 191 0 0
person 464 134 49 128 1 489 134 1 93 0 0
person 530 140 14 114 0 0 0 0 0 0 0
person 590 150 20 92 0 0 0 0 0 0 0
person 598 117 40 153 0 0 0 0 0 0 0
