% bbGt version=3
people 16 148 295 93 0 0 0 0 0 0 0
people 313 148 299 84 0 0 0 0 0 0 0
person 164 83 183 396 0 0 0 0 0 0 0
person 142 159 32 87 0 0 0 0 0 0 0
person 409 79 185 383 0 0 0 0 0 0 0
person 169 158 31 87 1 169 158 31 87 0 0
person 218 147 36 103 1 239 147 1 103 0 0
person 383 165 26 72 1 390 166 7 64 0 0
person 80 183 20 45 1 88 184 1 44 0 0
person 101 162 30 84 0 0 0 0 0 0 0
person 21 101 82 244 1 21 101 82 244 0 0
person 10 127 59 225 0 0 0 0 0 0 0
person 402 142 49 123 0 0 0 0 0 0 0
person 347 135 58 138 0 0 0 0 0 0 0
person 81 180 21 64 0 0 0 0 0 0 0
person 431 129 115 216 1 472 132 22 200 0 0
person 484 129 35 215 1 492 135 1 193 0 0
person 524 127 45 135 1 530 127 34 67 0 0
person 578 137 33 122 0 0 0 0 0 0 0
person 609 147 29 99 0 0 0 0 0 0 0
