% bbGt version=3
people 1 160 160 95 0 0 0 0 0 0 0
people 499 152 61 90 0 0 0 0 0 0 0
person 4 159 37 104 0 0 0 0 0 0 0
person 26 144 41 118 0 0 0 0 0 0 0
person 584 125 56 154 0 0 0 0 0 0 0
person 501 127 68 151 1 518 127 51 150 0 0
person 55 170 24 78 1 66 170 5 72 0 0
person 24 169 27 77 1 37 170 1 75 0 0
person 410 146 43 102 1 416 147 31 94 0 0
person 441 161 23 69 1 450 161 1 62 0 0
person 340 123 104 250 0 0 0 0 0 0 0
person 432 121 114 244 0 0 0 0 0 0 0
person 105 166 26 76 0 0 0 0 0 0 0
person 138 166 26 74 0 0 0 0 0 0 0
person 476 167 25 68 1 478 167 1 68 0 0
person 197 151 39 96 0 0 0 0 0 0 0
person 233 158 29 87 0 0 0 0 0 0 0
