% bbGt version=3
people 7 161 304 95 0 0 0 0 0 0 0
people 548 148 61 92 0 0 0 0 0 0 0
people 445 162 61 74 0 0 0 0 0 0 0
person 367 137 46 124 1 367 137 46 124 0 0
person 290 129 97 238 0 0 0 0 0 0 0
person 380 136 47 125 0 0 0 0 0 0 0
person 59 183 20 50 1 71 183 1 50 0 0
person 275 138 42 122 1 275 142 40 116 0 0
person 132 160 40 92 1 137 166 28 80 0 0
person 97 161 37 89 0 0 0 0 0 0 0
person 274 165 21 69 1 291 165 1 69 0 0
person 146 129 81 216 0 0 0 0 0 0 0
person 200 130 55 201 1 200 130 55 201 0 0
person 246 149 35 95 0 0 0 0 0 0 0
person 281 148 32 101 1 298 155 1 84 0 0
person 522 157 28 78 0 0 0 0 0 0 0
person 300 138 97 210 1 352 138 1 210 0 0
person 350 138 40 113 1 362 138 1 113 0 0
person 372 142 38 109 1 381 142 1 103 0 0
