% bbGt version=3
person 603 143 21 121 1 603 143 21 121 0 0
person 616 136 22 129 1 616 136 17 129 0 0
person 582 163 32 103 0 0 0 0 0 0 0
person 569 167 14 52 1 569 167 14 52 0 0
person 516 163 22 61 0 0 0 0 0 0 0
person 542 174 20 51 0 0 0 0 0 0 0
person 559 166 16 57 0 0 0 0 0 0 0
person 484 169 14 45 0 0 0 0 0 0 0
person 506 168 13 48 0 0 0 0 0 0 0
person 117 181 9 27 1 120 181 1 23 0 0
person 108 181 9 23 1 113 181 1 23 0 0
person 464 166 16 51 0 0 0 0 0 0 0
person 492 166 12 45 1 494 166 10 45 0 0
person 456 167 1 48 0 0 0 0 0 0 0
