% bbGt version=3
people 10 147 305 94 0 0 0 0 0 0 0
people 316 148 293 84 0 0 0 0 0 0 0
person 303 87 207 393 0 0 0 0 0 0 0
person 155 158 34 90 0 0 0 0 0 0 0
person 175 155 39 93 0 0 0 0 0 0 0
person 244 145 37 107 0 0 0 0 0 0 0
person 77 183 20 50 1 85 188 1 45 0 0
person 117 159 31 87 0 0 0 0 0 0 0
person 348 145 50 119 1 375 145 1 119 0 0
person 313 135 53 132 1 319 135 35 132 0 0
person 96 177 25 65 0 0 0 0 0 0 0
person 364 135 111 206 1 419 138 1 194 0 0
person 409 128 56 211 1 421 138 1 189 0 0
person 489 134 43 114 0 0 0 0 0 0 0
person 531 139 43 120 0 0 0 0 0 0 0
person 597 149 25 94 0 0 0 0 0 0 0
