% bbGt version=3
person 306 84 138 341 0 0 0 0 0 0 0
person 416 103 89 278 0 0 0 0 0 0 0
people 42 110 118 271 0 0 0 0 0 0 0
person 179 93 97 295 0 0 0 0 0 0 0
person 153 123 93 222 1 205 124 1 222 0 0
person 242 123 73 201 1 255 123 59 201 0 0
person 284 136 83 198 1 284 136 83 198 0 0
person 498 167 20 53 1 498 167 20 51 0 0
person 513 166 16 50 1 513 166 16 50 0 0
person 582 166 21 52 1 586 166 16 52 0 0
person 113 107 113 257 1 155 107 64 257 0 0
person 115 192 42 136 1 149 192 2 136 0 0
person 126 118 57 244 1 148 118 2 244 0 0
