% bbGt version=3
people 1 160 160 95 0 0 0 0 0 0 0
people 455 153 102 88 0 0 0 0 0 0 0
person 12 144 41 119 0 0 0 0 0 0 0
person 594 125 47 154 0 0 0 0 0 0 0
person 531 126 65 153 0 0 0 0 0 0 0
person 48 171 24 76 0 0 0 0 0 0 0
person 19 170 28 76 1 33 171 1 70 0 0
person 397 146 40 101 1 414 146 2 97 0 0
person 454 161 22 69 1 459 161 10 69 0 0
person 298 126 105 240 0 0 0 0 0 0 0
person 392 128 111 228 0 0 0 0 0 0 0
person 97 165 31 78 0 0 0 0 0 0 0
person 130 167 26 74 0 0 0 0 0 0 0
person 473 167 25 68 1 475 167 22 62 0 0
person 189 151 39 94 0 0 0 0 0 0 0
person 224 155 29 91 0 0 0 0 0 0 0
