% bbGt version=3
people 2 146 304 95 0 0 0 0 0 0 0
people 567 142 61 101 0 0 0 0 0 0 0
people 397 165 50 74 0 0 0 0 0 0 0
person 276 143 38 109 0 0 0 0 0 0 0
person 77 129 84 242 0 0 0 0 0 0 0
person 308 143 50 113 0 0 0 0 0 0 0
person 475 126 56 141 1 506 127 1 138 0 0
person 64 183 20 50 1 74 183 1 50 0 0
person 242 146 35 110 0 0 0 0 0 0 0
person 181 154 30 96 0 0 0 0 0 0 0
person 138 157 35 91 1 160 157 2 91 0 0
person 222 168 24 69 1 225 172 21 64 0 0
person 97 132 79 205 1 137 132 1 205 0 0
person 76 132 46 204 1 111 133 1 201 0 0
person 300 141 41 110 1 315 145 2 103 0 0
person 338 147 32 101 1 347 147 2 101 0 0
person 457 114 119 255 0 0 0 0 0 0 0
person 454 109 123 251 1 503 109 1 251 0 0
person 541 155 25 81 0 0 0 0 0 0 0
person 124 136 75 218 1 130 143 68 211 0 0
person 397 133 43 124 0 0 0 0 0 0 0
person 434 138 30 110 0 0 0 0 0 0 0
