% bbGt version=3
people 7 161 193 95 0 0 0 0 0 0 0
people 533 149 61 90 0 0 0 0 0 0 0
person 119 159 35 93 0 0 0 0 0 0 0
person 143 148 40 106 0 0 0 0 0 0 0
person 417 135 47 126 0 0 0 0 0 0 0
person 536 129 100 235 0 0 0 0 0 0 0
person 453 127 59 150 0 0 0 0 0 0 0
person 360 134 50 132 1 375 138 1 125 0 0
person 103 166 24 78 0 0 0 0 0 0 0
person 59 167 31 79 0 0 0 0 0 0 0
person 535 134 45 116 1 535 134 33 116 0 0
person 339 161 21 69 1 344 161 10 53 0 0
person 327 125 96 247 0 0 0 0 0 0 0
person 388 127 45 140 1 388 127 45 140 0 0
person 188 153 31 95 0 0 0 0 0 0 0
person 220 155 31 90 0 0 0 0 0 0 0
person 497 161 28 71 0 0 0 0 0 0 0
person 551 134 69 204 1 579 134 1 204 0 0
person 285 143 35 103 0 0 0 0 0 0 0
person 313 148 24 98 1 313 148 24 98 0 0
