% bbGt version=3
person 619 141 22 125 1 624 141 18 125 0 0
person 600 163 32 105 0 0 0 0 0 0 0
person 578 167 16 52 0 0 0 0 0 0 0
person 523 162 22 62 0 0 0 0 0 0 0
person 549 174 21 52 0 0 0 0 0 0 0
person 566 166 16 57 0 0 0 0 0 0 0
person 492 169 14 46 0 0 0 0 0 0 0
person 509 166 15 50 1 511 166 14 50 0 0
person 116 179 9 28 1 120 179 1 23 0 0
person 108 179 9 23 1 112 179 1 23 0 0
person 466 167 16 49 1 472 167 1 49 0 0
person 499 166 12 45 1 499 166 1 45 0 0
person 456 167 11 49 1 463 167 1 49 0 0
