% bbGt version=3
people 26 165 219 76 0 0 0 0 0 0 0
people 241 151 374 83 0 0 0 0 0 0 0
people 307 114 95 218 0 0 0 0 0 0 0
person 82 163 32 79 1 82 167 29 72 0 0
person 126 161 34 85 1 134 161 11 85 0 0
person 453 160 31 72 1 466 162 1 65 0 0
person 94 181 20 40 1 100 182 1 39 0 0
person 12 123 98 260 0 0 0 0 0 0 0
person 105 112 97 264 0 0 0 0 0 0 0
person 33 168 28 76 1 42 169 1 72 0 0
person 356 87 117 263 1 367 89 68 261 0 0
person 398 120 114 244 0 0 0 0 0 0 0
person 565 124 67 167 0 0 0 0 0 0 0
person 9 180 20 62 1 9 180 20 62 0 0
