% bbGt version=3
people 1 169 213 73 0 0 0 0 0 0 0
people 223 151 388 83 0 0 0 0 0 0 0
person 48 101 150 369 0 0 0 0 0 0 0
people 384 115 107 213 0 0 0 0 0 0 0
person 66 164 30 79 1 82 164 1 52 0 0
person 111 161 34 81 1 117 161 1 80 0 0
person 466 159 31 72 1 468 162 22 64 0 0
person 97 180 20 44 1 104 185 1 39 0 0
person 1 146 88 205 0 0 0 0 0 0 0
person 120 121 120 278 1 162 121 1 252 0 0
person 193 111 133 270 0 0 0 0 0 0 0
person 26 169 26 74 1 33 169 1 74 0 0
person 437 84 108 269 1 467 84 64 269 0 0
person 502 116 89 246 0 0 0 0 0 0 0
person 5 176 16 66 1 5 176 16 66 0 0
