% bbGt version=3
people 7 161 304 95 0 0 0 0 0 0 0
people 555 146 61 95 0 0 0 0 0 0 0
people 434 164 61 74 0 0 0 0 0 0 0
person 334 139 46 118 0 0 0 0 0 0 0
person 243 132 109 237 0 0 0 0 0 0 0
person 364 138 48 123 0 0 0 0 0 0 0
person 568 127 58 153 1 568 127 57 151 0 0
person 60 183 20 50 1 72 183 1 50 0 0
person 268 140 38 119 1 288 143 2 111 0 0
person 141 158 40 95 1 159 160 1 79 0 0
person 106 160 36 88 1 106 160 36 88 0 0
person 262 166 21 69 1 280 166 1 68 0 0
person 117 130 80 213 0 0 0 0 0 0 0
person 171 134 43 197 1 171 134 43 197 0 0
person 261 144 38 104 1 272 144 2 104 0 0
person 294 148 32 101 1 311 148 2 99 0 0
person 591 108 48 248 1 633 109 1 247 0 0
person 525 155 29 81 0 0 0 0 0 0 0
person 272 135 69 214 1 310 135 1 209 0 0
person 360 137 42 116 1 373 137 2 111 0 0
person 391 141 23 111 0 0 0 0 0 0 0
