% bbGt version=3
person 176 84 134 339 0 0 0 0 0 0 0
person 297 105 100 281 0 0 0 0 0 0 0
person 27 91 119 299 0 0 0 0 0 0 0
person 74 123 82 220 1 127 123 1 220 0 0
person 171 129 73 193 1 214 129 1 193 0 0
person 208 135 73 196 1 246 135 2 196 0 0
person 499 167 18 53 1 499 167 18 53 0 0
person 514 165 16 50 1 514 165 16 50 0 0
person 582 167 21 51 1 587 167 7 50 0 0
person 192 106 115 257 1 256 106 21 201 0 0
person 194 186 42 132 1 211 186 4 130 0 0
person 197 122 59 240 1 237 122 1 240 0 0
person 567 103 72 239 0 0 0 0 0 0 0
