% bbGt version=3
people 1 146 304 95 0 0 0 0 0 0 0
people 570 140 61 105 0 0 0 0 0 0 0
person 1 87 60 351 0 0 0 0 0 0 0
person 256 145 38 109 0 0 0 0 0 0 0
person 287 144 49 111 0 0 0 0 0 0 0
person 429 129 52 130 1 442 129 25 95 0 0
person 66 183 20 50 1 74 183 1 50 0 0
person 227 149 36 106 0 0 0 0 0 0 0
person 198 154 35 98 0 0 0 0 0 0 0
person 157 153 37 103 0 0 0 0 0 0 0
person 203 170 21 69 1 221 170 1 69 0 0
person 103 134 94 210 1 103 135 63 199 0 0
person 68 134 45 203 1 68 134 45 203 0 0
person 327 140 36 108 0 0 0 0 0 0 0
person 357 146 36 103 1 359 149 30 97 0 0
person 358 116 125 266 0 0 0 0 0 0 0
person 402 105 52 261 1 419 113 1 252 0 0
person 547 153 28 85 0 0 0 0 0 0 0
person 34 142 78 212 1 34 142 74 212 0 0
person 421 131 45 131 1 446 133 1 124 0 0
person 454 134 40 126 1 461 134 27 119 0 0
