% bbGt version=3
person 373 84 130 338 0 0 0 0 0 0 0
person 472 103 83 277 0 0 0 0 0 0 0
people 111 109 119 274 0 0 0 0 0 0 0
person 254 94 89 292 0 0 0 0 0 0 0
person 193 123 98 223 1 215 123 71 223 0 0
person 279 130 73 192 1 317 130 1 192 0 0
person 317 136 95 198 0 0 0 0 0 0 0
person 497 166 18 53 1 504 166 1 53 0 0
person 509 166 19 50 1 521 166 7 50 0 0
person 582 167 21 51 1 585 167 17 51 0 0
person 93 113 76 253 1 93 113 76 253 0 0
person 56 194 59 152 1 104 194 2 140 0 0
person 94 116 56 246 1 107 116 3 245 0 0
