% bbGt version=3
people 1 169 172 73 0 0 0 0 0 0 0
people 201 151 402 83 0 0 0 0 0 0 0
person 1 117 108 315 0 0 0 0 0 0 0
person 348 102 146 359 0 0 0 0 0 0 0
people 536 104 94 230 0 0 0 0 0 0 0
person 42 165 28 75 1 58 165 1 73 0 0
person 86 160 33 80 1 88 160 31 67 0 0
person 484 154 31 73 1 497 155 9 72 0 0
person 102 178 20 40 1 116 180 1 38 0 0
person 165 176 19 35 1 169 179 10 12 0 0
person 130 118 122 246 0 0 0 0 0 0 0
person 326 116 65 275 0 0 0 0 0 0 0
person 419 105 133 275 1 445 105 107 264 0 0
person 11 171 24 71 1 27 171 1 71 0 0
