% bbGt version=3
people 37 164 221 77 0 0 0 0 0 0 0
people 259 150 361 84 0 0 0 0 0 0 0
people 235 125 82 211 0 0 0 0 0 0 0
person 100 162 30 79 0 0 0 0 0 0 0
person 141 160 34 83 0 0 0 0 0 0 0
person 441 162 24 64 0 0 0 0 0 0 0
person 92 183 20 39 1 97 184 1 35 0 0
person 11 119 102 253 0 0 0 0 0 0 0
person 42 167 30 79 1 62 167 1 69 0 0
person 276 90 124 256 1 327 97 1 249 0 0
person 301 118 100 240 0 0 0 0 0 0 0
person 570 130 62 153 0 0 0 0 0 0 0
person 511 126 65 162 0 0 0 0 0 0 0
person 34 183 1 61 0 0 0 0 0 0 0
