% bbGt version=3
people 13 148 299 94 0 0 0 0 0 0 0
people 314 148 296 84 0 0 0 0 0 0 0
person 229 84 197 396 0 0 0 0 0 0 0
person 148 158 33 88 0 0 0 0 0 0 0
person 520 80 115 383 0 0 0 0 0 0 0
person 175 157 30 90 0 0 0 0 0 0 0
person 230 147 31 105 0 0 0 0 0 0 0
person 383 165 26 72 1 386 169 1 60 0 0
person 78 183 20 48 1 87 186 1 45 0 0
person 110 161 29 83 0 0 0 0 0 0 0
person 7 102 87 243 1 9 104 27 241 0 0
person 379 142 50 124 0 0 0 0 0 0 0
person 330 136 57 135 1 349 136 2 135 0 0
person 86 178 26 64 0 0 0 0 0 0 0
person 411 133 90 204 0 0 0 0 0 0 0
person 447 127 35 215 1 456 137 1 188 0 0
person 502 132 47 128 0 0 0 0 0 0 0
person 550 138 43 123 1 557 138 15 93 0 0
person 603 145 32 104 1 611 148 11 57 0 0
