% bbGt version=3
people 25 150 253 91 0 0 0 0 0 0 0
people 307 149 310 84 0 0 0 0 0 0 0
person 2 94 111 369 0 0 0 0 0 0 0
people 90 127 70 201 0 0 0 0 0 0 0
person 122 162 29 82 1 122 162 29 82 0 0
person 175 78 129 382 0 0 0 0 0 0 0
person 136 160 30 80 1 149 160 2 80 0 0
person 179 153 35 96 1 198 153 11 96 0 0
person 408 161 30 72 1 412 166 20 49 0 0
person 86 183 20 42 1 95 183 1 41 0 0
person 71 164 27 83 0 0 0 0 0 0 0
person 131 96 73 254 1 169 96 1 254 0 0
person 127 121 110 238 1 149 127 46 228 0 0
person 475 137 61 136 0 0 0 0 0 0 0
person 406 130 61 143 0 0 0 0 0 0 0
person 49 184 26 62 1 58 184 17 60 0 0
person 557 120 80 227 1 557 120 80 227 0 0
person 601 127 30 215 1 616 127 1 215 0 0
