% bbGt version=3
people 7 161 238 95 0 0 0 0 0 0 0
people 538 149 61 90 0 0 0 0 0 0 0
person 148 157 35 93 0 0 0 0 0 0 0
person 170 148 36 102 0 0 0 0 0 0 0
person 375 136 46 127 0 0 0 0 0 0 0
person 469 128 85 236 0 0 0 0 0 0 0
person 422 131 58 135 0 0 0 0 0 0 0
person 56 184 20 51 1 62 184 1 51 0 0
person 328 136 44 126 1 328 136 44 126 0 0
person 113 164 30 81 0 0 0 0 0 0 0
person 71 165 32 81 0 0 0 0 0 0 0
person 571 137 46 113 0 0 0 0 0 0 0
person 315 163 21 69 1 319 163 1 69 0 0
person 277 126 90 231 0 0 0 0 0 0 0
person 318 133 36 129 1 318 133 36 129 0 0
person 206 153 36 90 0 0 0 0 0 0 0
person 245 158 23 81 0 0 0 0 0 0 0
person 508 161 28 73 1 517 161 8 39 0 0
person 451 128 93 214 1 500 130 1 211 0 0
person 310 141 36 109 1 324 141 2 109 0 0
person 331 147 30 103 1 340 147 2 102 0 0
