% bbGt version=3
people 4 152 304 95 0 0 0 0 0 0 0
people 568 142 61 101 0 0 0 0 0 0 0
people 405 165 50 74 0 0 0 0 0 0 0
person 283 143 38 109 0 0 0 0 0 0 0
person 109 129 56 242 0 0 0 0 0 0 0
person 317 142 49 114 0 0 0 0 0 0 0
person 487 125 57 143 1 518 126 1 140 0 0
person 64 183 20 50 1 74 183 1 50 0 0
person 245 145 35 111 0 0 0 0 0 0 0
person 183 153 15 98 0 0 0 0 0 0 0
person 133 158 35 86 1 155 158 2 86 0 0
person 227 168 22 69 1 227 169 22 68 0 0
person 100 131 79 206 1 128 131 1 206 0 0
person 88 131 46 205 1 122 133 1 201 0 0
person 295 142 40 109 1 309 145 2 103 0 0
person 331 147 32 101 1 342 147 2 101 0 0
person 481 115 117 250 0 0 0 0 0 0 0
person 471 108 126 250 1 524 108 1 250 0 0
person 544 155 20 78 1 544 155 20 78 0 0
person 149 136 76 218 1 154 141 71 210 0 0
person 394 134 36 123 0 0 0 0 0 0 0
person 428 137 31 113 0 0 0 0 0 0 0
