% bbGt version=3
people 1 169 166 73 0 0 0 0 0 0 0
people 207 151 396 83 0 0 0 0 0 0 0
person 9 117 127 318 0 0 0 0 0 0 0
person 380 100 174 363 0 0 0 0 0 0 0
person 39 166 28 74 1 53 166 1 69 0 0
person 83 161 32 79 1 95 173 1 54 0 0
person 486 154 32 72 1 503 154 1 72 0 0
person 103 177 20 39 1 116 180 1 36 0 0
person 165 176 19 36 1 166 176 17 15 0 0
person 143 118 141 246 0 0 0 0 0 0 0
person 351 119 85 278 0 0 0 0 0 0 0
person 445 107 126 272 1 487 107 77 265 0 0
person 9 172 24 70 0 0 0 0 0 0 0
