% bbGt version=3
people 7 161 272 95 0 0 0 0 0 0 0
people 541 149 61 90 0 0 0 0 0 0 0
people 465 159 57 74 0 0 0 0 0 0 0
person 164 156 39 93 0 0 0 0 0 0 0
person 192 148 32 99 0 0 0 0 0 0 0
person 360 138 46 123 0 0 0 0 0 0 0
person 381 131 127 236 0 0 0 0 0 0 0
person 401 133 56 131 1 427 133 2 131 0 0
person 56 184 20 50 1 57 184 15 50 0 0
person 304 135 40 127 0 0 0 0 0 0 0
person 124 164 29 82 0 0 0 0 0 0 0
person 80 165 32 82 0 0 0 0 0 0 0
person 597 134 37 114 0 0 0 0 0 0 0
person 298 164 21 69 1 301 164 1 69 0 0
person 221 128 86 225 0 0 0 0 0 0 0
person 260 133 36 165 1 260 133 36 165 0 0
person 227 147 35 99 1 243 147 2 99 0 0
person 258 151 30 97 1 274 158 1 85 0 0
person 515 160 28 75 0 0 0 0 0 0 0
person 403 131 75 213 1 438 132 1 212 0 0
person 328 139 36 109 1 331 139 30 109 0 0
person 349 145 31 105 1 357 145 2 105 0 0
