% bbGt version=3
people 8 147 306 95 0 0 0 0 0 0 0
people 321 147 269 84 0 0 0 0 0 0 0
person 180 156 36 93 0 0 0 0 0 0 0
person 203 153 38 94 0 0 0 0 0 0 0
person 283 141 42 110 1 304 141 2 110 0 0
person 74 183 20 45 1 76 184 14 44 0 0
person 139 156 32 90 0 0 0 0 0 0 0
person 318 150 46 111 1 334 150 1 111 0 0
person 274 135 46 129 1 277 139 39 125 0 0
person 121 174 22 67 1 131 174 1 62 0 0
person 282 137 92 202 0 0 0 0 0 0 0
person 317 130 71 200 1 334 139 1 190 0 0
person 440 134 46 117 0 0 0 0 0 0 0
person 489 141 45 116 1 502 141 22 60 0 0
person 1 108 80 261 1 15 108 2 261 0 0
person 584 147 32 100 1 599 151 1 90 0 0
person 566 118 41 153 1 594 127 2 137 0 0
person 601 132 38 140 1 620 132 1 140 0 0
