% bbGt version=3
people 2 146 304 95 0 0 0 0 0 0 0
people 567 142 61 101 0 0 0 0 0 0 0
people 389 166 50 74 0 0 0 0 0 0 0
person 270 144 38 109 0 0 0 0 0 0 0
person 46 129 111 242 0 0 0 0 0 0 0
person 301 143 50 113 0 0 0 0 0 0 0
person 464 127 55 138 1 493 127 1 137 0 0
person 65 183 20 50 1 74 183 1 50 0 0
person 238 147 35 109 0 0 0 0 0 0 0
person 184 154 31 96 0 0 0 0 0 0 0
person 157 157 13 96 0 0 0 0 0 0 0
person 217 169 24 69 1 222 173 19 59 0 0
person 95 132 79 204 1 131 134 1 201 0 0
person 80 134 46 201 1 102 134 1 201 0 0
person 306 141 41 111 1 321 145 2 103 0 0
person 338 147 35 101 1 341 150 32 97 0 0
person 434 114 122 259 0 0 0 0 0 0 0
person 441 110 105 252 1 483 110 1 251 0 0
person 540 154 28 81 0 0 0 0 0 0 0
person 97 137 63 217 1 103 141 58 213 0 0
person 406 133 42 124 1 406 133 42 124 0 0
person 434 137 39 119 1 447 141 12 111 0 0
