% bbGt version=3
people 1 160 150 95 0 0 0 0 0 0 0
people 363 157 184 80 0 0 0 0 0 0 0
person 27 175 24 70 0 0 0 0 0 0 0
person 2 172 20 74 1 2 172 20 74 0 0
person 340 149 35 93 0 0 0 0 0 0 0
person 507 164 40 68 1 522 164 1 66 0 0
person 96 127 120 232 0 0 0 0 0 0 0
person 169 128 89 223 1 170 128 89 223 0 0
person 60 167 27 76 0 0 0 0 0 0 0
person 94 169 28 74 1 94 171 28 68 0 0
person 470 171 23 62 0 0 0 0 0 0 0
person 158 155 35 89 1 174 155 1 89 0 0
person 190 156 29 90 1 200 156 2 86 0 0
