% bbGt version=3
people 1 160 160 95 0 0 0 0 0 0 0
people 482 153 76 90 0 0 0 0 0 0 0
person 2 158 33 106 0 0 0 0 0 0 0
person 19 144 42 119 0 0 0 0 0 0 0
person 589 125 51 154 0 0 0 0 0 0 0
person 524 126 58 151 0 0 0 0 0 0 0
person 51 170 25 78 1 54 170 22 73 0 0
person 22 169 28 77 1 35 171 1 73 0 0
person 403 146 42 101 1 405 147 30 96 0 0
person 448 160 22 69 1 457 160 1 67 0 0
person 323 124 104 243 0 0 0 0 0 0 0
person 409 126 116 231 0 0 0 0 0 0 0
person 101 165 31 77 0 0 0 0 0 0 0
person 134 167 26 74 0 0 0 0 0 0 0
person 475 167 25 68 1 475 167 23 63 0 0
person 193 151 39 95 0 0 0 0 0 0 0
person 229 159 29 86 0 0 0 0 0 0 0
