% bbGt version=3
people 3 160 166 95 0 0 0 0 0 0 0
people 517 150 61 90 0 0 0 0 0 0 0
people 309 162 114 75 0 0 0 0 0 0 0
person 58 160 40 98 0 0 0 0 0 0 0
person 90 148 40 111 0 0 0 0 0 0 0
person 489 132 56 139 1 489 132 56 139 0 0
person 543 130 50 151 1 557 130 2 151 0 0
person 423 131 60 144 1 423 131 31 62 0 0
person 80 169 26 77 1 89 169 1 77 0 0
person 40 173 25 74 0 0 0 0 0 0 0
person 475 139 48 109 1 486 144 1 100 0 0
person 386 166 26 69 0 0 0 0 0 0 0
person 431 123 86 255 0 0 0 0 0 0 0
person 508 124 77 245 0 0 0 0 0 0 0
person 145 164 29 81 0 0 0 0 0 0 0
person 177 166 30 76 0 0 0 0 0 0 0
person 486 164 27 69 1 489 164 1 69 0 0
person 234 148 37 99 0 0 0 0 0 0 0
person 272 151 29 96 0 0 0 0 0 0 0
