% bbGt version=3
people 1 146 305 95 0 0 0 0 0 0 0
people 579 134 59 111 0 0 0 0 0 0 0
person 69 84 159 385 0 0 0 0 0 0 0
person 238 149 38 106 1 238 149 38 106 0 0
person 276 146 46 108 1 278 149 23 105 0 0
person 387 137 50 127 0 0 0 0 0 0 0
person 67 183 20 50 1 75 183 1 50 0 0
person 209 151 37 102 1 216 151 23 96 0 0
person 221 151 41 109 0 0 0 0 0 0 0
person 182 147 39 112 1 183 152 36 103 0 0
person 183 171 21 69 1 198 171 1 69 0 0
person 121 135 82 209 1 148 135 1 199 0 0
person 94 130 44 202 1 121 135 1 190 0 0
person 352 139 36 108 0 0 0 0 0 0 0
person 387 145 40 106 1 404 145 2 100 0 0
person 259 118 114 262 0 0 0 0 0 0 0
person 318 106 63 261 1 318 112 1 246 0 0
person 556 153 29 84 0 0 0 0 0 0 0
person 453 129 42 134 0 0 0 0 0 0 0
person 488 134 31 122 0 0 0 0 0 0 0
