% bbGt version=3
people 1 160 163 95 0 0 0 0 0 0 0
people 512 151 61 90 0 0 0 0 0 0 0
people 311 162 108 75 0 0 0 0 0 0 0
person 47 160 38 100 0 0 0 0 0 0 0
person 74 148 35 112 0 0 0 0 0 0 0
person 512 132 59 144 1 512 132 59 144 0 0
person 562 129 50 154 1 576 129 4 154 0 0
person 439 130 63 147 1 469 130 1 83 0 0
person 74 169 26 77 1 83 169 1 77 0 0
person 36 174 23 73 0 0 0 0 0 0 0
person 459 140 47 108 1 471 144 1 102 0 0
person 397 166 28 69 0 0 0 0 0 0 0
person 412 123 102 255 0 0 0 0 0 0 0
person 519 121 83 247 0 0 0 0 0 0 0
person 135 164 27 79 0 0 0 0 0 0 0
person 167 167 31 75 0 0 0 0 0 0 0
person 483 165 27 69 1 483 165 1 69 0 0
person 224 149 38 98 0 0 0 0 0 0 0
person 262 152 29 95 0 0 0 0 0 0 0
