% bbGt version=3
people 2 160 164 95 0 0 0 0 0 0 0
people 515 150 61 90 0 0 0 0 0 0 0
people 309 162 114 75 0 0 0 0 0 0 0
person 52 160 39 99 0 0 0 0 0 0 0
person 82 148 38 111 0 0 0 0 0 0 0
person 500 132 57 142 1 500 132 57 142 0 0
person 552 129 50 152 1 567 129 3 152 0 0
person 431 130 62 145 1 456 130 1 73 0 0
person 77 169 26 77 1 86 169 1 77 0 0
person 38 172 25 76 0 0 0 0 0 0 0
person 467 139 48 109 1 479 144 1 101 0 0
person 392 166 27 69 0 0 0 0 0 0 0
person 418 123 101 255 0 0 0 0 0 0 0
person 518 122 77 247 0 0 0 0 0 0 0
person 141 164 28 80 0 0 0 0 0 0 0
person 172 166 31 75 0 0 0 0 0 0 0
person 485 164 27 69 1 486 164 1 69 0 0
person 229 149 38 99 0 0 0 0 0 0 0
person 267 151 29 96 0 0 0 0 0 0 0
