% bbGt version=3
people 23 150 257 91 0 0 0 0 0 0 0
people 307 149 308 84 0 0 0 0 0 0 0
person 5 91 144 377 0 0 0 0 0 0 0
people 83 121 60 201 0 0 0 0 0 0 0
person 126 162 30 83 1 126 162 30 83 0 0
person 200 78 165 382 0 0 0 0 0 0 0
person 141 159 31 80 1 153 159 2 80 0 0
person 184 152 35 97 0 0 0 0 0 0 0
person 405 161 29 72 1 413 168 1 41 0 0
person 85 183 20 42 1 94 183 1 42 0 0
person 80 164 7 83 0 0 0 0 0 0 0
person 114 97 71 254 1 150 97 1 254 0 0
person 104 125 112 230 0 0 0 0 0 0 0
person 462 139 63 133 0 0 0 0 0 0 0
person 404 130 49 146 0 0 0 0 0 0 0
person 53 183 26 63 1 69 183 5 63 0 0
person 552 121 79 226 0 0 0 0 0 0 0
person 587 128 30 215 1 598 128 1 215 0 0
