% bbGt version=3
people 1 160 160 95 0 0 0 0 0 0 0
people 400 154 154 85 0 0 0 0 0 0 0
person 563 123 75 162 0 0 0 0 0 0 0
person 40 175 23 67 0 0 0 0 0 0 0
person 14 175 23 68 0 0 0 0 0 0 0
person 378 149 32 91 0 0 0 0 0 0 0
person 471 164 31 69 1 483 164 1 66 0 0
person 223 127 111 243 0 0 0 0 0 0 0
person 313 121 98 233 0 0 0 0 0 0 0
person 83 166 31 78 0 0 0 0 0 0 0
person 117 168 27 74 0 0 0 0 0 0 0
person 472 168 24 66 0 0 0 0 0 0 0
person 174 153 38 93 0 0 0 0 0 0 0
person 213 156 29 90 0 0 0 0 0 0 0
