% bbGt version=3
people 30 155 252 86 0 0 0 0 0 0 0
people 273 150 345 84 0 0 0 0 0 0 0
people 133 117 89 213 0 0 0 0 0 0 0
person 108 163 28 80 1 108 163 28 80 0 0
person 61 79 163 374 0 0 0 0 0 0 0
person 121 161 30 82 1 135 161 1 82 0 0
person 164 156 37 93 1 187 156 1 93 0 0
person 420 160 31 72 0 0 0 0 0 0 0
person 88 181 20 42 1 99 181 1 37 0 0
person 60 167 25 77 0 0 0 0 0 0 0
person 185 94 83 253 1 229 94 1 253 0 0
person 191 120 101 240 0 0 0 0 0 0 0
person 512 137 53 138 0 0 0 0 0 0 0
person 449 135 51 142 0 0 0 0 0 0 0
person 39 184 24 59 1 39 184 24 59 0 0
