% bbGt version=3
people 1 169 207 73 0 0 0 0 0 0 0
people 218 151 391 83 0 0 0 0 0 0 0
person 79 100 157 368 0 0 0 0 0 0 0
people 404 115 113 213 0 0 0 0 0 0 0
person 62 164 30 79 1 77 164 1 50 0 0
person 107 161 35 81 1 107 161 29 80 0 0
person 469 158 31 72 1 485 158 4 68 0 0
person 98 180 20 45 1 106 186 1 39 0 0
person 12 130 100 235 0 0 0 0 0 0 0
person 145 119 131 280 1 189 119 1 257 0 0
person 236 111 104 266 0 0 0 0 0 0 0
person 24 168 26 75 1 35 168 1 74 0 0
person 458 83 105 270 1 489 83 60 270 0 0
person 531 122 93 243 0 0 0 0 0 0 0
person 4 174 15 67 1 4 174 15 67 0 0
