% bbGt version=3
people 6 157 304 95 0 0 0 0 0 0 0
people 568 142 61 101 0 0 0 0 0 0 0
people 413 165 50 74 0 0 0 0 0 0 0
person 290 142 38 109 0 0 0 0 0 0 0
person 122 130 79 240 0 0 0 0 0 0 0
person 325 142 49 116 0 0 0 0 0 0 0
person 499 125 58 146 1 530 126 1 141 0 0
person 63 183 20 50 1 74 183 1 50 0 0
person 248 145 35 112 0 0 0 0 0 0 0
person 164 154 41 100 1 184 154 1 98 0 0
person 129 158 35 87 1 148 158 2 87 0 0
person 232 168 21 69 1 240 169 11 66 0 0
person 103 131 79 207 1 103 132 43 202 0 0
person 104 131 47 206 1 133 133 1 200 0 0
person 289 142 40 108 1 303 145 2 103 0 0
person 325 147 32 101 1 337 147 2 101 0 0
person 504 115 114 245 0 0 0 0 0 0 0
person 491 107 116 251 1 545 107 1 249 0 0
person 535 155 28 84 1 549 159 2 74 0 0
person 175 135 75 218 1 177 138 73 210 0 0
person 389 135 35 120 0 0 0 0 0 0 0
person 421 137 31 114 0 0 0 0 0 0 0
