% bbGt version=3
people 6 161 173 95 0 0 0 0 0 0 0
people 528 149 61 90 0 0 0 0 0 0 0
person 101 159 33 93 0 0 0 0 0 0 0
person 123 148 41 108 0 0 0 0 0 0 0
person 434 132 47 126 1 434 132 47 126 0 0
person 599 128 42 232 0 0 0 0 0 0 0
person 478 132 56 146 1 479 132 50 130 0 0
person 376 133 61 136 1 376 133 29 62 0 0
person 96 168 27 77 1 96 168 24 77 0 0
person 49 171 29 74 0 0 0 0 0 0 0
person 518 144 41 102 0 0 0 0 0 0 0
person 358 166 21 71 0 0 0 0 0 0 0
person 377 124 96 255 0 0 0 0 0 0 0
person 442 126 86 228 1 442 126 86 228 0 0
person 172 157 31 88 0 0 0 0 0 0 0
person 203 161 28 82 0 0 0 0 0 0 0
person 492 162 28 70 1 503 162 1 70 0 0
person 260 146 42 104 0 0 0 0 0 0 0
person 297 154 25 91 0 0 0 0 0 0 0
