% bbGt version=3
person 60 84 172 328 0 0 0 0 0 0 0
person 201 106 108 283 0 0 0 0 0 0 0
person 1 93 42 299 1 1 93 42 299 0 0
person 18 122 97 214 1 18 122 97 214 0 0
person 119 130 73 193 1 157 130 1 193 0 0
person 151 134 66 194 1 165 134 46 130 0 0
person 499 167 18 53 1 499 167 18 53 0 0
person 507 166 19 50 1 519 166 3 50 0 0
person 582 164 21 54 1 585 164 15 53 0 0
person 291 105 79 253 0 0 0 0 0 0 0
person 250 182 42 170 1 261 182 26 170 0 0
person 253 123 60 238 1 258 123 41 89 0 0
person 492 93 93 246 0 0 0 0 0 0 0
