1,1,672,603,21,50,52.434
1,2,1144,603,21,50,44.424
1,3,582,586,30,71,90.979
2,4,672,603,21,50,52.434
2,5,1144,603,21,50,44.424
2,6,582,586,30,71,90.979
3,7,672,603,21,50,47.515
3,8,1144,603,21,50,39.51
3,9,582,586,30,71,84.862
4,10,672,603,21,50,53.11
4,11,992,83,21,50,0.48274
4,12,1140,602,23,55,51.016
4,13,582,586,30,71,91.208
5,14,664,599,21,50,6.7233
5,15,672,603,21,50,66.042
5,16,696,579,21,50,42.862
5,17,1140,602,23,55,59.706
5,18,580,594,25,59,79.736
6,19,992,83,21,50,4.4242
6,20,664,597,23,55,28.492
6,21,580,594,25,59,72.519
6,22,1136,599,25,59,21.585
6,23,768,198,42,100,3.507
7,24,572,571,35,84,67.295
8,25,576,597,23,55,44.39
8,26,565,570,25,59,9.998
8,27,1130,595,27,65,12.535
9,28,576,597,23,55,69.669
9,29,659,602,23,55,31.498
9,30,1130,595,27,65,18.379
10,31,655,602,23,55,20.409
10,32,565,571,35,84,64.99
11,33,576,599,21,50,47.068
11,34,655,597,23,55,4.0363
11,35,1067,579,32,77,20.719
12,36,570,580,27,65,41.761
13,37,1000,71,21,50,10.725
13,38,568,584,23,55,31.469
14,39,564,559,27,65,41.793
14,40,265,462,30,71,5.5979
14,41,839,128,32,77,21.578
15,42,559,541,30,71,74.42
15,43,570,547,30,71,6.8229
16,44,644,547,21,50,17.443
16,45,564,533,27,65,86.116
16,46,776,190,42,100,16.576
17,47,568,523,23,55,80.62
17,48,776,174,42,100,6.7455
18,49,568,507,21,50,73.023
18,50,1098,493,32,77,8.4608
19,51,1100,495,21,50,69.75
19,52,564,476,27,65,66.315
19,53,271,377,30,71,6.3861
20,54,568,471,21,50,78.24
20,55,1098,456,32,77,26.077
21,56,752,427,21,50,16.263
21,57,564,440,27,65,83.763
21,58,271,344,32,77,6.9868
21,59,1092,437,32,77,23.953
22,60,1108,419,21,50,16.505
22,61,563,436,23,55,70.104
22,62,1088,444,23,55,38.006
22,63,274,331,27,65,9.7257
23,64,564,423,21,50,74.641
23,65,275,327,23,55,10.36
23,66,1088,431,23,55,40.674
24,67,720,383,21,50,15.333
24,68,1156,451,21,50,6.8518
24,69,275,313,23,55,5.4058
24,70,1079,414,23,55,8.8348
24,71,565,399,25,59,81.672
24,72,704,1,42,97,5.2841
25,73,788,295,21,50,27.87
25,74,564,383,27,65,99.628
25,75,276,281,30,71,28.471
26,76,1084,403,21,50,14.548
26,77,280,284,25,59,13.591
26,78,565,375,25,59,122.78
26,79,1155,422,25,59,10.658
26,80,777,585,32,77,61.016
26,81,925,60,32,77,27.202
27,82,280,283,21,50,30.336
27,83,1079,379,23,55,43.737
27,84,1157,414,23,55,6.7397
27,85,565,365,25,59,93.82
27,86,780,578,35,84,2.1769
28,87,1074,375,23,55,66.513
28,88,564,357,27,65,71.468
28,89,777,567,32,77,16.694
28,90,929,39,35,84,9.3178
29,91,1076,367,21,50,11.633
29,92,565,351,25,59,93.566
29,93,279,253,27,65,28.759
29,94,777,563,39,92,9.663
30,95,948,60,23,55,13.7
30,96,565,351,25,59,76.382
30,97,779,327,25,59,24.305
30,98,279,253,27,65,17.075
30,99,783,561,32,77,16.182
30,100,1070,362,35,84,20.622
30,101,969,334,42,100,20.395
31,102,284,267,21,50,18.451
31,103,565,346,25,59,90.992
31,104,1063,362,35,84,27.379
32,105,280,267,21,50,22.447
32,106,565,346,25,59,81.196
33,107,280,267,21,50,17.47
33,108,568,353,23,55,68.125
33,109,777,554,32,77,15.867
33,110,1144,358,39,92,18.03
34,111,280,267,21,50,7.6845
34,112,568,353,23,55,49.848
34,113,1056,336,39,92,5.65
35,114,564,347,21,50,48.445
35,115,568,363,21,50,31.909
35,116,756,335,21,50,29.233
35,117,276,253,30,71,7.2094
35,118,925,29,32,77,28.537
35,119,780,558,35,84,8.4621
35,120,1144,13,39,92,13.327
36,121,280,271,21,50,35.35
36,122,788,259,21,50,22.762
36,123,561,351,25,59,51.589
36,124,925,29,32,77,34.012
37,125,280,271,21,50,8.9543
37,126,564,351,21,50,39.955
37,127,568,363,21,50,21.275
37,128,751,309,30,71,14.999
37,129,777,561,32,77,22.54
37,130,922,25,35,84,21.697
37,131,1056,358,39,92,12.428
38,132,280,271,21,50,13.998
38,133,756,339,21,50,32.09
38,134,564,346,27,65,46.022
38,135,777,561,32,77,44.402
39,136,280,271,21,50,17.685
39,137,580,347,21,50,23.025
39,138,561,356,25,59,17.192
39,139,777,561,32,77,50.312
39,140,925,29,32,77,15.728
40,141,275,261,25,59,23.83
40,142,777,561,32,77,33.885
41,143,280,275,21,50,15.134
41,144,565,351,25,59,25.027
41,145,575,346,25,59,30.791
41,146,783,561,32,77,2.6863
42,147,580,347,21,50,23.006
42,148,764,327,21,50,31.151
42,149,836,367,21,50,11.532
42,150,274,258,27,65,9.3769
42,151,777,561,32,77,41.314
42,152,968,350,39,92,1.5824
42,153,1144,13,39,92,25.234
43,154,280,275,21,50,18.433
43,155,772,331,21,50,9.9658
43,156,836,367,21,50,34.839
43,157,565,351,25,59,22.35
43,158,575,342,25,59,31.572
43,159,777,561,32,77,33.522
44,160,280,275,21,50,47.445
44,161,772,331,21,50,31.112
44,162,944,71,21,50,4.0223
44,163,565,351,25,59,71.022
44,164,575,346,25,59,55.383
44,165,777,561,32,77,50.989
44,166,968,350,39,92,21.283
45,167,280,275,21,50,55.787
45,168,575,346,25,59,49.025
45,169,564,351,27,65,45.205
45,170,777,561,32,77,48.851
45,171,925,36,32,77,11.287
45,172,1016,335,35,84,51.925
46,173,776,331,21,50,19.839
46,174,279,270,23,55,32.923
46,175,575,346,25,59,58.827
46,176,564,351,27,65,66.863
46,177,777,561,32,77,40.524
46,178,925,36,32,77,12.458
47,179,280,275,21,50,54.66
47,180,575,346,25,59,60.7
47,181,564,351,27,65,63.337
47,182,1018,338,32,77,42.803
47,183,777,563,39,92,19.991
48,184,280,275,21,50,32.438
48,185,575,346,25,59,54.046
48,186,564,351,27,65,69.372
48,187,1011,338,32,77,63.193
48,188,777,563,39,92,27.555
49,189,280,275,21,50,20.37
49,190,575,346,25,59,61.922
49,191,564,351,27,65,73.151
49,192,925,36,32,77,2.6335
49,193,1011,338,32,77,50.166
49,194,777,563,39,92,23.524
50,1,279,270,23,55,26.682
50,2,564,351,27,65,81.679
50,3,575,346,27,65,77.921
50,4,1011,338,32,77,49.139
50,5,776,566,42,99,24.135
51,6,575,346,25,59,66.373
51,7,564,351,27,65,77.3
51,8,277,258,32,77,16.276
51,9,775,557,46,108,44.332
52,10,284,279,21,50,26.475
52,11,628,395,21,50,36.627
52,12,565,356,25,59,60.788
52,13,575,346,25,59,48.301
52,14,776,566,42,99,38.594
53,15,284,279,21,50,38.56
53,16,628,395,21,50,43.023
53,17,944,67,21,50,0.99144
53,18,860,361,23,55,14.332
53,19,565,356,25,59,57.713
53,20,575,346,27,65,53.891
53,21,776,566,42,99,32.656
54,22,284,279,21,50,47.445
54,23,564,351,27,65,42.495
54,24,575,346,27,65,50.027
54,25,776,566,42,99,14.316
55,26,284,279,21,50,53.37
55,27,628,395,21,50,36.915
55,28,575,346,27,65,30.928
55,29,925,29,32,77,39.497
56,30,284,279,21,50,33.118
56,31,628,395,21,50,22.878
56,32,632,271,21,50,9.5414
56,33,873,361,23,55,17.758
56,34,580,346,25,59,31.911
56,35,570,351,27,65,47.276
56,36,784,558,42,100,16.536
57,37,284,279,21,50,16.149
57,38,628,395,21,50,26.759
57,39,732,279,21,50,14.626
57,40,873,361,23,55,43.353
57,41,570,351,27,65,49.778
57,42,995,343,30,71,0.48368
57,43,784,558,42,100,43.073
58,44,628,395,21,50,37.623
58,45,878,361,23,55,63.367
58,46,285,270,25,59,18.919
58,47,570,351,27,65,65.13
58,48,580,341,27,65,44.964
58,49,990,346,27,65,32.634
58,50,784,558,42,100,55.303
59,51,288,279,21,50,30.521
59,52,616,391,21,50,11.328
59,53,628,395,21,50,49.195
59,54,732,279,21,50,21.369
59,55,880,367,21,50,42.684
59,56,570,356,25,59,55.446
59,57,989,351,25,59,19.37
59,58,580,346,27,65,44.548
59,59,931,29,32,77,5.013
59,60,785,563,39,92,37.646
60,61,288,279,21,50,32.791
60,62,584,359,21,50,15.105
60,63,628,399,21,50,15.854
60,64,732,279,21,50,34.328
60,65,882,361,23,55,35.842
60,66,570,351,27,65,50.786
60,67,981,351,32,77,16.27
60,68,784,558,42,100,44.697
61,69,288,279,21,50,29.538
61,70,884,367,21,50,20.228
61,71,570,351,27,65,64.874
61,72,981,338,32,77,13.398
61,73,784,557,46,108,48.773
62,74,288,279,21,50,38.915
62,75,888,367,21,50,32.97
62,76,570,351,27,65,81.254
62,77,784,566,42,99,58.135
63,78,288,279,21,50,30.95
63,79,830,327,23,55,26.776
63,80,884,356,25,59,18.398
63,81,570,351,27,65,81.923
63,82,580,346,27,65,21.68
63,83,979,346,27,65,40.742
63,84,784,558,42,100,67.564
64,85,288,279,21,50,41.887
64,86,892,371,21,50,59.518
64,87,980,363,21,50,32.193
64,88,834,327,23,55,36.047
64,89,1093,560,25,59,10.46
64,90,570,351,27,65,78.777
64,91,784,557,46,108,55.54
65,92,288,279,21,50,42.069
65,93,891,366,23,55,55.161
65,94,570,351,27,65,58.62
65,95,974,357,32,77,18.377
65,96,784,557,46,108,54.252
66,97,632,407,21,50,29.269
66,98,896,371,21,50,57.058
66,99,283,274,23,55,12.071
66,100,974,357,23,55,62.527
66,101,570,351,27,65,63.827
66,102,580,346,27,65,36.804
66,103,785,563,39,92,42.282
67,104,288,279,21,50,33.22
67,105,972,359,21,50,36.179
67,106,838,327,23,55,24.361
67,107,564,351,27,65,19.041
67,108,576,349,30,71,61.236
67,109,785,563,39,92,115.28
68,110,844,331,21,50,20.502
68,111,970,357,23,55,41.162
68,112,894,356,25,59,11.878
68,113,279,263,27,65,3.7754
68,114,576,349,30,71,75.16
68,115,785,563,39,92,98.854
69,116,900,366,23,55,66.248
69,117,965,357,23,55,39.817
69,118,846,327,25,59,27.271
69,119,576,349,30,71,76.962
69,120,283,264,32,77,13.335
69,121,974,357,32,77,33.612
69,122,785,563,39,92,86.38
70,123,852,335,21,50,22.803
70,124,965,357,23,55,25.028
70,125,901,357,27,65,43.629
70,126,576,349,30,71,65.201
70,127,974,357,32,77,13.843
70,128,787,565,35,84,69.958
71,129,852,335,21,50,4.4499
71,130,908,371,21,50,38.223
71,131,283,274,23,55,25.806
71,132,961,357,23,55,20.731
71,133,565,349,30,71,8.1418
71,134,576,349,30,71,65.704
71,135,789,567,32,77,67.835
72,136,908,371,21,50,52.229
72,137,956,357,23,55,9.1887
72,138,285,270,25,59,35.435
72,139,576,349,30,71,57.834
72,140,789,567,32,77,58.216
73,141,285,270,25,59,20.01
73,142,908,361,25,59,23.946
73,143,565,349,30,71,7.7098
73,144,576,349,30,71,49.852
73,145,789,567,32,77,75.355
74,146,768,295,21,50,14.611
74,147,864,335,21,50,17.898
74,148,913,366,23,55,41.178
74,149,996,532,23,55,1.3336
74,150,285,275,25,59,10.139
74,151,576,349,30,71,48.755
74,152,789,567,32,77,70.843
75,153,768,287,21,50,16.913
75,154,575,351,27,65,55.78
75,155,789,567,32,77,64.033
75,156,910,358,50,119,20.126
76,157,772,295,21,50,15.636
76,158,868,335,21,50,9.4173
76,159,575,351,27,65,57.436
76,160,789,567,32,77,55.231
76,161,910,358,50,119,19.315
77,162,868,331,21,50,23.277
77,163,769,287,23,55,19.918
77,164,575,351,27,65,55.672
77,165,785,563,39,92,42.455
77,166,1045,513,65,152,23.943
78,167,768,295,21,50,33.65
78,168,872,331,21,50,51.351
78,169,570,356,25,59,43.311
78,170,580,351,25,59,62.636
78,171,789,567,32,77,64.444
78,172,929,362,35,84,5.822
78,173,1070,513,65,152,46.967
79,174,768,295,21,50,0.70792
79,175,940,359,21,50,39.632
79,176,575,351,25,59,56.075
79,177,875,327,25,59,60.328
79,178,785,563,39,92,41.383
79,179,1070,513,65,152,17.063
80,180,880,335,21,50,53.206
80,181,769,296,23,55,20.77
80,182,939,357,23,55,3.906
80,183,570,351,27,65,55.412
80,184,580,346,27,65,37.378
80,185,787,565,35,84,7.4625
80,186,1119,513,64,152,20.795
81,187,628,415,21,50,29.907
81,188,936,387,21,50,9.8428
81,189,944,359,21,50,38.303
81,190,878,327,23,55,15.336
81,191,570,351,27,65,62.834
81,192,580,346,27,65,57.871
81,193,767,289,27,65,21.951
81,194,787,565,35,84,19.619
81,1,1119,513,64,152,24.904
82,2,932,367,21,50,33.233
82,3,570,356,25,59,70.463
82,4,580,346,27,65,51.699
82,5,1153,558,30,71,4.0993
82,6,783,561,32,77,41.611
83,7,648,423,21,50,32.884
83,8,932,367,21,50,86.777
83,9,884,327,25,59,2.0689
83,10,570,351,27,65,66.312
83,11,580,346,27,65,52.794
83,12,783,561,32,77,57.086
84,13,648,423,21,50,36.27
84,14,764,303,21,50,23.213
84,15,928,371,21,50,106.74
84,16,777,562,23,55,45.387
84,17,576,349,30,71,64.595
84,18,789,567,32,77,87.446
85,19,584,351,21,50,27.676
85,20,776,563,21,50,39.804
85,21,932,371,21,50,30.003
85,22,570,351,27,65,79.426
85,23,789,567,32,77,70.557
86,24,648,427,21,50,8.4555
86,25,570,351,27,65,64.973
86,26,580,351,27,65,37.729
86,27,789,567,32,77,76.59
87,28,652,431,21,50,26.618
87,29,776,559,21,50,58.97
87,30,940,383,21,50,24.744
87,31,964,355,21,50,20.576
87,32,570,356,25,59,62.453
87,33,580,351,25,59,49.288
87,34,789,567,32,77,94.94
88,35,640,427,21,50,28.775
88,36,652,431,21,50,36.697
88,37,772,559,21,50,37.529
88,38,916,359,21,50,16.333
88,39,968,359,21,50,19.156
88,40,570,361,25,59,78.422
88,41,580,351,27,65,39.588
88,42,783,567,32,77,50.742
88,43,894,313,32,77,15.484
88,44,931,36,32,77,17.659
89,45,640,435,21,50,13.779
89,46,760,307,21,50,15.757
89,47,570,361,25,59,77.778
89,48,580,356,25,59,44.754
89,49,908,351,25,59,24.487
89,50,789,567,32,77,61.454
89,51,895,308,35,84,13.824
90,52,772,559,21,50,23.618
90,53,913,357,23,55,85.208
90,54,575,361,25,59,62.324
90,55,584,356,25,59,28.547
90,56,789,567,32,77,72.854
91,57,640,439,21,50,19.21
91,58,912,359,21,50,67.388
91,59,575,361,25,59,52.136
91,60,584,356,25,59,23.172
91,61,789,573,32,77,84.341
92,62,984,367,21,50,2.6862
92,63,913,357,23,55,83.451
92,64,584,356,25,59,50.641
92,65,570,362,27,65,31.436
92,66,789,573,32,77,47.173
93,67,772,551,21,50,25.368
93,68,912,363,21,50,74.02
93,69,575,365,25,59,54.81
93,70,585,357,27,65,14.467
93,71,795,573,32,77,78.005
94,72,772,551,21,50,70.146
94,73,904,361,23,55,4.8424
94,74,580,357,27,65,54.208
94,75,795,573,32,77,104.24
94,76,919,320,32,77,25.172
95,77,788,63,21,50,8.9192
95,78,904,361,23,55,21.127
95,79,991,353,23,55,5.2034
95,80,582,355,30,71,59.028
95,81,795,573,32,77,82.979
95,82,919,320,32,77,21.716
96,83,768,547,21,50,28.872
96,84,990,351,27,65,7.2442
96,85,582,355,30,71,65.08
96,86,795,573,32,77,79.218
97,87,668,455,21,50,18.445
97,88,768,543,21,50,52.745
97,89,1000,361,23,55,47.999
97,90,933,331,27,65,2.041
97,91,582,355,30,71,65.636
97,92,795,573,32,77,78.983
98,93,768,543,21,50,28.469
98,94,943,69,23,55,13.233
98,95,932,337,25,59,21.567
98,96,570,360,30,71,20.617
98,97,582,355,30,71,60.441
98,98,794,571,35,84,78.351
99,99,588,359,21,50,36.929
99,100,896,363,21,50,8.1116
99,101,940,347,21,50,38.825
99,102,575,365,25,59,47.001
99,103,512,449,32,77,3.586
99,104,789,573,32,77,70.921
99,105,996,329,35,84,11.309
100,106,588,359,21,50,31.187
100,107,764,539,21,50,15.249
100,108,940,347,21,50,33.958
100,109,952,75,21,50,9.2586
100,110,575,362,27,65,59.633
100,111,789,573,32,77,69.632
100,112,1005,338,32,77,11.803
101,113,584,356,25,59,26.523
101,114,575,362,27,65,45.886
101,115,789,573,32,77,71.18
102,116,576,387,21,50,32.917
102,117,760,535,21,50,24.234
102,118,580,362,27,65,68.811
102,119,789,573,32,77,52.121
102,120,1011,344,32,77,30.881
103,121,12,615,21,50,50.682
103,122,944,347,21,50,23.599
103,123,580,362,27,65,60.205
103,124,789,573,32,77,60.365
103,125,1011,344,32,77,27.422
104,126,12,615,21,50,64.119
104,127,756,531,21,50,35.766
104,128,948,347,21,50,38.149
104,129,575,362,27,65,56.355
104,130,787,571,35,84,21.499
105,131,756,531,21,50,51.444
105,132,13,606,23,55,51.695
105,133,581,361,23,55,51.66
105,134,978,375,23,55,31.284
105,135,570,367,27,65,40.078
105,136,789,579,32,77,38.507
105,137,1018,344,32,77,58.458
105,138,868,335,35,84,19.463
106,139,16,603,21,50,50.193
106,140,752,531,21,50,44.999
106,141,978,379,23,55,9.1891
106,142,576,360,30,71,63.389
106,143,789,579,32,77,71.174
106,144,1018,344,32,77,54.107
107,145,16,603,21,50,43.147
107,146,676,471,21,50,30.569
107,147,748,527,21,50,58.014
107,148,565,366,30,71,14.556
107,149,576,360,30,71,59.821
107,150,789,579,32,77,68.574
107,151,863,344,32,77,14.983
107,152,1018,344,32,77,59.967
108,153,744,527,21,50,44.238
108,154,956,351,21,50,64.89
108,155,17,593,23,55,52.258
108,156,576,360,30,71,56.886
108,157,789,579,32,77,54.223
108,158,1024,351,32,77,49.558
109,159,1040,379,21,50,21.165
109,160,17,589,23,55,41.677
109,161,956,348,23,55,36.4
109,162,575,365,25,59,67.797
109,163,728,295,32,77,16.206
109,164,787,578,35,84,48.601
110,165,964,355,21,50,27.516
110,166,1040,383,21,50,30.405
110,167,18,584,25,59,60.879
110,168,575,367,27,65,58.488
110,169,785,581,30,71,11.203
111,170,680,479,21,50,40.164
111,171,21,580,23,55,51.678
111,172,575,367,27,65,64.047
111,173,728,295,32,77,29.461
111,174,789,579,32,77,40.838
111,175,1004,380,84,200,27.839
112,176,680,479,21,50,35.499
112,177,23,575,25,59,75.844
112,178,570,375,25,59,45.936
112,179,580,365,25,59,65.429
112,180,783,579,32,77,29.102
112,181,720,295,35,84,9.4593
113,182,1052,383,21,50,25.162
113,183,23,570,25,59,65.939
113,184,851,361,25,59,-0.012897
113,185,565,366,30,71,22.025
113,186,576,366,30,71,61.742
113,187,721,301,32,77,25.978
113,188,789,585,32,77,36.051
114,189,684,487,21,50,36.941
114,190,740,519,21,50,11.835
114,191,1056,387,21,50,30.178
114,192,26,567,23,55,64.108
114,193,570,375,25,59,34.667
114,194,580,365,25,59,64.873
114,1,789,579,32,77,52.051
114,2,720,295,35,84,21.242
115,3,1060,383,21,50,7.4813
115,4,30,562,23,55,48.291
115,5,685,493,23,55,25.445
115,6,575,367,27,65,58.744
115,7,789,579,32,77,51.213
116,8,688,495,21,50,61.981
116,9,30,554,23,55,77.759
116,10,576,366,30,71,68.235
116,11,721,301,32,77,8.3428
116,12,789,579,32,77,50.521
116,13,1065,374,42,100,2.7872
117,14,732,515,21,50,34.168
117,15,34,549,23,55,78.74
117,16,685,493,23,55,21.314
117,17,575,367,27,65,69.352
117,18,721,301,32,77,22.508
117,19,789,579,32,77,43.246
118,20,688,495,21,50,63.143
118,21,732,511,21,50,74.144
118,22,34,545,23,55,64.391
118,23,575,367,27,65,73.722
118,24,787,578,35,84,54.457
119,25,692,495,21,50,52.571
119,26,39,541,23,55,71.987
119,27,939,78,23,55,12.988
119,28,575,365,25,59,63.775
119,29,783,579,32,77,40.568
119,30,795,579,32,77,21.013
119,31,1070,376,35,84,15.607
120,32,40,535,21,50,78.691
120,33,692,499,21,50,58.952
120,34,732,507,21,50,4.0807
120,35,580,361,25,59,15.477
120,36,570,367,27,65,53.833
120,37,789,579,32,77,66.593
120,38,1067,388,32,77,26.028
121,39,692,499,21,50,53.591
121,40,39,527,23,55,97.939
121,41,1079,379,23,55,2.21
121,42,580,361,25,59,35.407
121,43,570,367,27,65,58.504
121,44,789,579,32,77,63.458
122,45,40,523,21,50,94.725
122,46,692,499,21,50,40.739
122,47,716,335,21,50,28.533
122,48,996,355,21,50,10.612
122,49,48,523,23,55,17.719
122,50,570,370,25,59,57.353
122,51,580,362,27,65,48.956
122,52,1073,375,32,77,29.409
122,53,787,578,35,84,59.74
123,54,696,499,21,50,81.481
123,55,996,355,21,50,40.022
123,56,43,519,23,55,88.12
123,57,570,370,25,59,68.05
123,58,580,362,27,65,51.496
123,59,787,578,35,84,56.129
124,60,564,527,21,50,4.6442
124,61,696,499,21,50,75.511
124,62,43,514,23,55,58.187
124,63,998,346,25,59,38.838
124,64,576,360,30,71,59.089
124,65,789,579,32,77,60.675
124,66,1079,381,32,77,12.547
125,67,556,519,21,50,23.283
125,68,696,499,21,50,51.921
125,69,1004,355,21,50,65.657
125,70,1092,383,21,50,33.601
125,71,43,506,23,55,28.341
125,72,575,362,27,65,56.498
125,73,1073,375,32,77,48.566
125,74,787,578,35,84,31.139
126,75,48,507,21,50,45.338
126,76,676,503,21,50,11.043
126,77,700,503,21,50,38.564
126,78,1008,355,21,50,58.311
126,79,1096,383,21,50,29.03
126,80,550,506,23,55,9.7446
126,81,570,362,27,65,59.355
126,82,580,362,27,65,39.095
126,83,785,581,30,71,14.802
126,84,1073,375,32,77,9.4402
127,85,48,503,21,50,30.487
127,86,296,363,21,50,8.3475
127,87,676,503,21,50,31.733
127,88,700,503,21,50,71.175
127,89,948,79,21,50,37.73
127,90,1008,355,21,50,48.579
127,91,1100,383,21,50,38.236
127,92,541,493,23,55,14.466
127,93,580,356,25,59,20.909
127,94,570,362,27,65,61.809
127,95,783,573,32,77,31.994
128,96,48,495,21,50,34.722
128,97,700,507,21,50,54.181
128,98,1100,383,21,50,27.522
128,99,581,357,23,55,14.11
128,100,570,362,27,65,60.434
128,101,787,578,35,84,32.08
128,102,1016,356,35,84,28.031
129,103,48,491,21,50,70.032
129,104,680,507,21,50,27.51
129,105,700,507,21,50,52.301
129,106,708,339,21,50,11.008
129,107,1016,355,21,50,63.183
129,108,1104,383,21,50,80.24
129,109,581,357,23,55,20.339
129,110,570,362,27,65,59.644
129,111,932,61,30,71,-0.49352
129,112,789,579,32,77,16.938
129,113,1144,28,39,92,7.6246
130,114,48,487,21,50,82.394
130,115,520,459,21,50,37.835
130,116,680,507,21,50,26.751
130,117,704,507,21,50,54.253
130,118,1108,383,21,50,34.29
130,119,1017,346,25,59,67.757
130,120,564,362,27,65,50.497
130,121,575,362,27,65,64.127
130,122,783,573,32,77,53.488
131,123,48,483,21,50,107.21
131,124,680,507,21,50,24.415
131,125,704,511,21,50,54.883
131,126,568,366,23,55,63.257
131,127,1022,353,23,55,53.79
131,128,580,361,25,59,62.319
131,129,783,573,32,77,47.226
132,130,48,479,21,50,96.434
132,131,300,375,21,50,1.0059
132,132,684,511,21,50,36.499
132,133,1022,353,23,55,66.34
132,134,1032,375,25,59,22.9
132,135,564,362,27,65,52.931
132,136,575,357,27,65,47.56
132,137,783,573,32,77,61.74
133,138,48,475,21,50,64.083
133,139,580,359,21,50,43.945
133,140,684,515,21,50,29.251
133,141,700,343,21,50,3.1611
133,142,1024,355,21,50,88.419
133,143,1116,383,21,50,39.626
133,144,1032,375,25,59,41.674
133,145,564,362,27,65,57.155
133,146,789,579,32,77,2.5928
134,147,48,471,21,50,73.089
134,148,684,515,21,50,29.144
134,149,708,515,21,50,37.281
134,150,1028,355,21,50,67.434
134,151,1120,383,21,50,60.626
134,152,564,362,27,65,65.622
134,153,575,357,27,65,48.3
134,154,1031,372,27,65,77.073
134,155,783,573,32,77,38.293
135,156,48,467,21,50,39.04
135,157,1032,355,21,50,25.201
135,158,707,510,23,55,27.855
135,159,1036,375,25,59,64.696
135,160,564,362,27,65,66.534
135,161,575,357,27,65,52.577
135,162,789,579,32,77,11.765
136,163,300,383,21,50,13.849
136,164,712,515,21,50,14.63
136,165,43,462,23,55,48.532
136,166,1036,375,25,59,44.957
136,167,564,362,27,65,77.123
136,168,575,357,27,65,52.472
137,169,44,459,21,50,71.959
137,170,696,343,21,50,14.273
137,171,565,365,25,59,79.854
137,172,575,357,27,65,47.541
137,173,1036,372,27,65,30.746
138,174,48,455,21,50,53.621
138,175,300,387,21,50,4.5394
138,176,696,347,21,50,23.47
138,177,712,523,21,50,68.897
138,178,716,471,21,50,11.498
138,179,788,355,21,50,10.543
138,180,1131,375,23,55,21.846
138,181,565,365,25,59,66.882
138,182,1041,375,25,59,90.908
138,183,575,357,27,65,43.105
138,184,780,571,35,84,15.356
139,185,48,451,21,50,73.621
139,186,580,359,21,50,45.393
139,187,716,523,21,50,41.915
139,188,944,455,21,50,28.096
139,189,1136,383,21,50,42.922
139,190,565,365,25,59,64.552
139,191,1041,372,27,65,106.5
139,192,783,573,32,77,25.356
140,193,48,447,21,50,39.281
140,194,300,391,21,50,14.935
140,1,716,527,21,50,45.53
140,2,1140,383,21,50,27.24
140,3,565,365,25,59,67.18
140,4,575,357,27,65,51.072
140,5,1047,372,27,65,110.16
140,6,789,573,32,77,33.349
140,7,929,462,42,100,14.229
141,8,692,347,21,50,10.169
141,9,720,527,21,50,21.957
141,10,1144,383,21,50,47.938
141,11,935,431,23,55,11.703
141,12,565,365,25,59,51.537
141,13,575,357,27,65,42.628
141,14,1047,372,27,65,64.09
141,15,783,573,32,77,31.2
142,16,48,439,21,50,28.09
142,17,300,399,21,50,6.4254
142,18,696,527,21,50,29.471
142,19,720,531,21,50,79.248
142,20,940,455,21,50,16.03
142,21,943,73,23,55,3.7127
142,22,1053,383,23,55,47.672
142,23,1144,375,23,55,54.293
142,24,564,362,27,65,58.98
142,25,575,362,27,65,44.67
142,26,1155,398,27,65,17.229
142,27,783,573,32,77,25.408
143,28,48,435,21,50,16.076
143,29,300,399,21,50,10.985
143,30,724,531,21,50,41.648
143,31,732,275,21,50,30.306
143,32,1055,375,25,59,66
143,33,1146,375,25,59,41.72
143,34,564,362,27,65,42.229
143,35,575,357,27,65,58.513
143,36,777,341,27,65,8.0418
143,37,1155,398,27,65,24.624
143,38,783,573,32,77,17.104
144,39,52,431,21,50,84.062
144,40,556,519,21,50,29.703
144,41,724,535,21,50,79.189
144,42,1152,383,21,50,27.634
144,43,581,357,23,55,17.201
144,44,1057,383,23,55,100.01
144,45,770,351,25,59,30.017
144,46,1155,403,25,59,46.1
144,47,570,362,27,65,69.363
144,48,783,573,32,77,45.025
145,49,52,427,21,50,32.349
145,50,728,535,21,50,23.742
145,51,773,353,23,55,20.346
145,52,1157,405,23,55,26.26
145,53,570,365,25,59,61.905
145,54,580,361,25,59,50.753
145,55,932,446,25,59,19.847
145,56,1060,380,25,59,111.15
145,57,783,573,32,77,76.482
146,58,56,423,21,50,71.638
146,59,728,535,21,50,49.789
146,60,948,75,21,50,7.0774
146,61,769,353,23,55,14.633
146,62,570,365,25,59,48.348
146,63,580,361,25,59,62.321
146,64,1153,394,30,71,20.598
146,65,783,573,32,77,65.103
146,66,1061,369,32,77,91.322
147,67,60,419,21,50,12.451
147,68,308,407,21,50,25.34
147,69,724,455,21,50,1.9783
147,70,728,539,21,50,85.239
147,71,772,359,21,50,35.869
147,72,932,446,25,59,20.086
147,73,570,362,27,65,51.976
147,74,580,357,27,65,36.59
147,75,1155,398,27,65,18.458
147,76,789,573,32,77,67.068
147,77,1061,369,32,77,83.597
147,78,1073,375,32,77,5.9974
148,79,708,539,21,50,34.15
148,80,724,455,21,50,32.57
148,81,732,539,21,50,42.198
148,82,772,359,21,50,35.163
148,83,570,365,25,59,53.577
148,84,580,357,27,65,41.748
148,85,1153,394,30,71,5.7015
148,86,789,573,32,77,65.655
148,87,1067,375,32,77,46.582
149,88,312,415,21,50,7.9966
149,89,712,543,21,50,15.006
149,90,724,451,21,50,24.603
149,91,732,543,21,50,52.11
149,92,764,353,23,55,20.058
149,93,932,446,25,59,10.703
149,94,1070,380,25,59,75.394
149,95,575,357,27,65,50.465
149,96,789,573,32,77,83.239
150,97,308,415,21,50,34.653
150,98,736,547,21,50,46.269
150,99,764,353,23,55,40.838
150,100,930,449,23,55,21.275
150,101,1070,380,25,59,40.71
150,102,570,362,27,65,69.208
150,103,580,357,27,65,34.239
150,104,789,573,32,77,65.375
151,105,312,419,21,50,55.962
151,106,716,547,21,50,24.105
151,107,736,547,21,50,82.383
151,108,764,353,23,55,25.674
151,109,570,362,27,65,61.933
151,110,580,357,27,65,47.237
151,111,789,573,32,77,57.054
151,112,1073,369,32,77,58.884
152,113,68,399,21,50,8.3358
152,114,312,419,21,50,38.73
152,115,716,547,21,50,57.043
152,116,736,547,21,50,59.529
152,117,930,449,23,55,12.543
152,118,1157,410,23,55,20.208
152,119,570,362,27,65,60.64
152,120,580,357,27,65,48.867
152,121,1074,372,30,71,45.902
152,122,787,571,35,84,69.725
153,123,312,423,21,50,37.447
153,124,720,547,21,50,12.875
153,125,740,547,21,50,39.07
153,126,1160,403,21,50,23.476
153,127,570,365,25,59,58.81
153,128,580,357,27,65,52.698
153,129,789,573,32,77,75.379
153,130,1073,369,32,77,55.889
154,131,312,427,21,50,57.95
154,132,720,551,21,50,33.207
154,133,740,551,21,50,77.696
154,134,1160,407,21,50,47.652
154,135,1092,361,23,55,4.0926
154,136,565,360,30,71,5.4528
154,137,576,355,30,71,60.191
154,138,1073,369,32,77,63.617
154,139,787,571,35,84,75.59
155,140,316,427,21,50,65.102
155,141,720,555,21,50,43.851
155,142,744,555,21,50,27.727
155,143,1156,407,21,50,50.033
155,144,576,355,30,71,58.847
155,145,1079,372,30,71,43.598
155,146,789,573,32,77,81.721
156,147,316,431,21,50,35.467
156,148,720,555,21,50,66.783
156,149,744,555,21,50,59.028
156,150,1152,407,21,50,45.508
156,151,576,355,30,71,68.407
156,152,931,42,32,77,10.578
156,153,787,571,35,84,53.324
156,154,1077,362,35,84,46.349
157,155,316,435,21,50,40.463
157,156,724,555,21,50,11.655
157,157,744,559,21,50,38.856
157,158,930,449,23,55,7.633
157,159,570,365,25,59,71.853
157,160,580,357,27,65,48.775
157,161,1083,372,27,65,66.529
157,162,787,571,35,84,56.363
158,163,316,435,21,50,41.081
158,164,724,559,21,50,36.203
158,165,744,559,21,50,87.295
158,166,840,587,21,50,7.1065
158,167,564,362,27,65,15.524
158,168,576,355,30,71,72.364
158,169,783,573,32,77,68.587
158,170,1084,362,35,84,58.578
159,171,316,439,21,50,3.4645
159,172,728,563,21,50,44.755
159,173,744,359,21,50,5.9461
159,174,748,559,21,50,93.914
159,175,1105,361,23,55,41.771
159,176,565,360,30,71,17.964
159,177,576,355,30,71,65.975
159,178,787,571,35,84,47.683
159,179,1084,369,35,84,36.69
160,180,316,443,21,50,51.447
160,181,732,563,21,50,32.172
160,182,748,563,21,50,85.962
160,183,844,595,21,50,27.016
160,184,1109,361,23,55,39.179
160,185,564,362,27,65,26.757
160,186,576,355,30,71,65.331
160,187,783,573,32,77,73.282
160,188,1086,375,32,77,12.669
161,189,320,443,21,50,45.589
161,190,732,567,21,50,26.23
161,191,848,595,21,50,13.803
161,192,1112,367,21,50,27.719
161,193,747,562,23,55,46.735
161,194,930,449,23,55,25.308
161,1,575,357,27,65,52.795
161,2,789,573,32,77,69.374
162,3,320,447,21,50,62.911
162,4,732,567,21,50,57.816
162,5,748,567,21,50,51.597
162,6,1116,367,21,50,19.281
162,7,570,355,30,71,49.525
162,8,789,573,32,77,60.283
163,9,320,451,21,50,47.8
163,10,732,567,21,50,81.223
163,11,748,571,21,50,70.898
163,12,564,362,27,65,39.973
163,13,575,357,27,65,58.45
163,14,789,573,32,77,62.468
164,15,320,455,21,50,49.613
164,16,732,571,21,50,80.687
164,17,752,571,21,50,78.435
164,18,760,255,21,50,17.444
164,19,1120,367,21,50,33.107
164,20,1127,389,25,59,17.433
164,21,570,355,30,71,51.705
164,22,789,573,32,77,65.817
165,23,320,455,21,50,41.126
165,24,732,575,21,50,8.8948
165,25,752,571,21,50,79.088
165,26,760,255,21,50,21.708
165,27,564,362,27,65,29.668
165,28,575,357,27,65,61.227
165,29,1124,383,27,65,75.273
165,30,783,573,32,77,70.597
165,31,1144,28,39,92,9.0838
166,32,320,459,21,50,76.982
166,33,732,575,21,50,8.9959
166,34,752,575,21,50,89.669
166,35,1127,384,25,59,62.355
166,36,570,355,30,71,61.008
166,37,787,571,35,84,70.518
166,38,1144,28,39,92,17.333
167,39,324,463,21,50,64.605
167,40,756,579,21,50,46.775
167,41,860,611,21,50,51.838
167,42,1127,384,25,59,34.081
167,43,570,355,30,71,62.13
167,44,783,573,32,77,72.528
167,45,1144,28,39,92,11.356
168,46,324,463,21,50,49.425
168,47,736,579,21,50,47.872
168,48,756,579,21,50,57.656
168,49,570,355,30,71,59.009
168,50,783,573,32,77,91.599
168,51,1144,28,39,92,5.3066
168,52,1107,347,46,109,27.088
169,53,324,467,21,50,50.765
169,54,736,579,21,50,56.652
169,55,756,583,21,50,71.489
169,56,1112,399,21,50,65.593
169,57,1136,366,23,55,81.912
169,58,932,65,25,59,6.5782
169,59,570,355,30,71,61.614
169,60,783,573,32,77,95.303
170,61,328,467,21,50,57.455
170,62,740,583,21,50,29.72
170,63,760,583,21,50,116.27
170,64,1112,399,21,50,107.4
170,65,1136,366,23,55,113.51
170,66,1157,410,23,55,6.9787
170,67,570,355,30,71,56.381
170,68,783,573,32,77,92.715
171,69,328,471,21,50,65.728
171,70,740,587,21,50,27.884
171,71,760,583,21,50,80.65
171,72,1112,403,21,50,40.628
171,73,1144,371,21,50,88.876
171,74,930,449,23,55,10.229
171,75,570,355,30,71,62.997
171,76,783,573,32,77,81.172
172,77,328,475,21,50,71.337
172,78,744,591,21,50,10.594
172,79,760,587,21,50,55.861
172,80,930,449,23,55,8.6746
172,81,1144,366,23,55,62.428
172,82,570,355,30,71,52.051
172,83,783,573,32,77,85.932
173,84,332,475,21,50,81.296
173,85,744,591,21,50,23.51
173,86,1148,375,21,50,53.441
173,87,760,589,23,55,67.336
173,88,930,449,23,55,19.489
173,89,570,355,30,71,49.479
173,90,783,573,32,77,86.47
174,91,332,479,21,50,63.701
174,92,744,591,21,50,83.189
174,93,760,591,21,50,107.4
174,94,930,449,23,55,24.279
174,95,1149,370,23,55,72.505
174,96,570,355,30,71,63.411
174,97,1153,394,30,71,14.527
174,98,783,573,32,77,72.197
175,99,336,483,21,50,71.001
175,100,744,591,21,50,60.379
175,101,764,591,21,50,122.34
175,102,1152,371,21,50,77.336
175,103,930,449,23,55,37.326
175,104,570,355,30,71,60.281
175,105,1153,389,30,71,42.01
175,106,783,573,32,77,86.431
176,107,336,483,21,50,81.992
176,108,744,591,21,50,40.069
176,109,764,595,21,50,97.958
176,110,1156,371,21,50,62.743
176,111,930,449,23,55,14.925
176,112,948,73,23,55,19.467
176,113,1155,398,27,65,29.812
176,114,570,355,30,71,66.744
176,115,783,573,32,77,72.051
177,116,336,487,21,50,74.709
177,117,748,595,21,50,27.632
177,118,764,595,21,50,127.34
177,119,930,449,23,55,21.415
177,120,948,73,23,55,24.827
177,121,1157,405,23,55,37.281
177,122,570,357,27,65,56.172
177,123,580,357,27,65,12.153
177,124,787,571,35,84,32.754
178,125,340,487,21,50,79.838
178,126,748,599,21,50,55.369
178,127,768,599,21,50,103.97
178,128,930,449,23,55,12.722
178,129,948,73,23,55,8.8942
178,130,570,357,27,65,75.381
178,131,580,357,27,65,30.706
178,132,1155,393,27,65,46.152
178,133,783,573,32,77,65.295
179,134,340,491,21,50,97.384
179,135,748,599,21,50,49.678
179,136,768,599,21,50,71.029
179,137,948,75,21,50,26.456
179,138,1160,371,21,50,46.31
179,139,1157,405,23,55,35.206
179,140,570,357,27,65,68.663
179,141,580,357,27,65,16.687
179,142,783,573,32,77,70.451
180,143,340,491,21,50,74.446
180,144,348,495,21,50,66.559
180,145,768,603,21,50,80.823
180,146,948,75,21,50,5.7478
180,147,747,597,23,55,40.378
180,148,570,357,27,65,64.689
180,149,580,357,27,65,12.537
180,150,783,573,32,77,60.104
180,151,1077,369,35,84,39.533
181,152,340,491,21,50,33.957
181,153,348,491,21,50,83.11
181,154,748,599,21,50,1.9252
181,155,772,603,21,50,104.87
181,156,960,79,21,50,22.67
181,157,1157,405,23,55,24.317
181,158,565,361,25,59,45.319
181,159,575,357,27,65,61.536
181,160,783,573,32,77,75.38
181,161,1070,369,35,84,39.767
182,162,748,603,21,50,67.362
182,163,772,603,21,50,100.78
182,164,1080,395,21,50,40.679
182,165,345,493,23,55,82.871
182,166,570,355,30,71,49.298
182,167,783,573,32,77,55.79
182,168,925,42,32,77,28.979
183,169,748,607,21,50,71.06
183,170,772,607,21,50,98.749
183,171,349,493,23,55,88.985
183,172,565,361,25,59,66.344
183,173,575,357,27,65,71.186
183,174,1155,398,27,65,5.2754
183,175,1130,366,30,71,33.946
183,176,783,573,32,77,72.946
183,177,1064,365,39,92,4.4633
184,178,352,499,21,50,52.981
184,179,752,607,21,50,99.961
184,180,772,607,21,50,101.84
184,181,784,63,21,50,14.116
184,182,1076,395,21,50,16.37
184,183,1157,405,23,55,21.226
184,184,1136,375,25,59,33.708
184,185,570,357,27,65,74.912
184,186,780,571,35,84,39.443
185,187,356,503,21,50,45.905
185,188,748,607,21,50,101.19
185,189,1160,403,21,50,26.8
185,190,773,610,23,55,59.698
185,191,565,361,25,59,74.406
185,192,1136,375,25,59,5.7298
185,193,575,357,27,65,64.732
185,194,780,571,35,84,40.124
186,1,356,503,21,50,44.477
186,2,748,607,21,50,97.802
186,3,772,611,21,50,63.467
186,4,926,444,23,55,11.965
186,5,943,69,23,55,22.542
186,6,1157,405,23,55,40.538
186,7,565,361,25,59,75.739
186,8,575,351,27,65,55.231
186,9,789,567,32,77,5.6887
186,10,1054,339,46,109,28.266
187,11,688,375,21,50,17.042
187,12,748,611,21,50,88.377
187,13,772,611,21,50,44.364
187,14,358,506,23,55,35.964
187,15,926,444,23,55,18.495
187,16,943,69,23,55,22.807
187,17,565,361,25,59,78.84
187,18,575,351,27,65,74.255
187,19,549,505,32,77,4.3577
187,20,787,565,35,84,26.604
188,21,364,507,21,50,49.533
188,22,776,611,21,50,48.324
188,23,1160,407,21,50,45.131
188,24,747,610,23,55,77.284
188,25,926,444,23,55,16.927
188,26,943,69,23,55,13.638
188,27,565,361,25,59,84.878
188,28,575,351,27,65,66.611
188,29,787,565,35,84,26.331
189,30,368,511,21,50,40.441
189,31,748,615,21,50,69.012
189,32,768,615,21,50,16.661
189,33,776,615,21,50,77.453
189,34,926,444,23,55,31.266
189,35,943,69,23,55,5.9513
189,36,561,361,25,59,16.694
189,37,1155,399,25,59,53.579
189,38,570,357,27,65,75.902
189,39,1153,49,30,71,2.6122
189,40,925,36,32,77,13.762
189,41,780,565,35,84,30.033
190,42,368,515,21,50,37.811
190,43,748,615,21,50,31.852
190,44,776,615,21,50,69.823
190,45,926,444,23,55,30.977
190,46,943,69,23,55,5.0741
190,47,1155,399,25,59,64.576
190,48,570,357,27,65,68.64
190,49,1145,367,27,65,12.149
190,50,1153,49,30,71,1.442
190,51,925,36,32,77,14.403
190,52,787,565,35,84,24.471
191,53,372,515,21,50,45.592
191,54,752,615,21,50,55.737
191,55,772,615,21,50,51.747
191,56,780,615,21,50,44.864
191,57,926,444,23,55,19.794
191,58,565,361,25,59,72.061
191,59,1155,399,25,59,60.661
191,60,575,351,27,65,60.368
192,61,376,515,21,50,17.912
192,62,752,615,21,50,22.31
192,63,926,444,23,55,21.55
192,64,1153,396,23,55,51.314
192,65,564,357,27,65,73.808
192,66,575,351,27,65,60.922
192,67,780,565,35,84,31.015
193,68,575,356,25,59,43.094
193,69,1155,399,25,59,71.157
193,70,564,357,27,65,70.07
193,71,780,571,35,84,55.559
194,72,380,519,21,50,40.521
194,73,926,444,23,55,7.3633
194,74,1155,399,25,59,67.862
194,75,564,357,27,65,52.843
194,76,575,351,27,65,61.002
194,77,780,571,35,84,45.623
195,78,672,379,21,50,25.65
195,79,780,615,21,50,58.85
195,80,941,65,25,59,2.9942
195,81,1155,399,25,59,64.852
195,82,564,357,27,65,53.125
195,83,575,351,27,65,57.212
195,84,919,36,32,77,4.6947
196,85,672,379,21,50,27.975
196,86,780,615,21,50,42.97
196,87,388,523,23,55,21.265
196,88,565,361,25,59,44.719
196,89,1155,399,25,59,29.836
196,90,575,351,27,65,49.126
196,91,929,454,42,100,8.0679
197,92,392,527,21,50,30.743
197,93,780,615,21,50,41.144
197,94,1160,403,21,50,17.32
197,95,568,366,23,55,32.515
197,96,575,351,27,65,44.139
197,97,783,573,32,77,64.622
198,98,568,366,23,55,51.475
198,99,930,444,23,55,24.644
198,100,575,351,27,65,52.083
198,101,777,570,39,92,50.89
199,102,570,357,27,65,53.856
199,103,783,573,32,77,53.993
200,104,665,370,25,59,10.293
200,105,570,357,27,65,52.285
200,106,780,571,35,84,43.201
201,107,780,615,21,50,29.392
201,108,570,357,27,65,57.861
201,109,783,573,32,77,37.108
202,110,664,387,21,50,11.949
202,111,1157,405,23,55,13.152
202,112,564,357,27,65,57.597
202,113,575,351,27,65,70.883
202,114,780,571,35,84,29.132
203,115,780,615,21,50,32.773
203,116,1157,405,23,55,8.4835
203,117,927,441,25,59,7.0473
203,118,575,351,27,65,53.539
203,119,783,573,32,77,32.816
204,120,780,615,21,50,39.843
204,121,1012,395,21,50,24.898
204,122,575,351,27,65,47.718
204,123,1153,49,30,71,-0.15369
205,124,656,387,21,50,37.629
205,125,780,615,21,50,43.771
205,126,932,61,25,59,1.4653
205,127,575,351,27,65,65.616
205,128,783,573,32,77,19.927
206,129,780,615,21,50,46.245
206,130,1008,395,21,50,16.861
206,131,575,351,27,65,51.084
206,132,783,567,32,77,8.0945
206,133,925,36,32,77,25.658
207,134,1004,391,21,50,41.127
207,135,926,444,23,55,1.4474
207,136,564,357,27,65,68.753
207,137,575,351,27,65,48.764
207,138,776,566,42,99,36.827
208,139,652,383,21,50,25.206
208,140,944,71,21,50,3.1699
208,141,1000,387,21,50,27.06
208,142,926,444,23,55,15.089
208,143,565,361,25,59,77.583
208,144,575,351,27,65,37.783
208,145,1153,49,30,71,-0.41575
208,146,783,573,32,77,34.022
208,147,925,42,32,77,6.8127
209,148,652,383,21,50,51.447
209,149,926,444,23,55,16.93
209,150,943,69,23,55,15.373
209,151,565,361,25,59,79.4
209,152,575,351,27,65,37.543
209,153,783,573,32,77,35.215
209,154,925,42,32,77,6.0578
210,155,652,383,21,50,55.484
210,156,926,444,23,55,19.102
210,157,565,361,25,59,99.535
210,158,575,351,27,65,60.906
210,159,925,42,32,77,11.511
210,160,776,566,42,99,42.755
211,161,652,383,21,50,18.214
211,162,436,545,23,55,18.734
211,163,926,444,23,55,18.14
211,164,943,69,23,55,9.1541
211,165,565,361,25,59,91.511
211,166,575,351,27,65,61.63
211,167,783,573,32,77,36.404
212,168,440,547,21,50,35.564
212,169,652,387,21,50,30.415
212,170,564,357,27,65,80.998
212,171,575,351,27,65,52.53
212,172,1153,49,30,71,10.538
212,173,783,567,32,77,39.473
213,174,648,387,21,50,42.461
213,175,441,545,23,55,23.678
213,176,575,351,25,59,53.651
213,177,932,61,25,59,18.74
213,178,564,357,27,65,59.635
213,179,780,571,35,84,41.633
214,180,444,547,21,50,20.074
214,181,648,387,21,50,41.331
214,182,575,351,25,59,49.672
214,183,1155,399,25,59,9.9048
214,184,564,357,27,65,55.866
214,185,783,573,32,77,45.903
215,186,444,547,21,50,26.204
215,187,1155,399,25,59,2.3205
215,188,564,357,27,65,58.935
215,189,575,351,27,65,41.603
215,190,783,567,32,77,52.915
216,191,444,547,21,50,15.072
216,192,943,69,23,55,11.616
216,193,927,441,25,59,2.7002
216,194,564,357,27,65,75.871
216,1,575,351,27,65,51.29
216,2,783,567,32,77,48.434
217,3,1157,401,23,55,14.581
217,4,946,65,25,59,21.932
217,5,564,357,27,65,58.922
217,6,575,351,27,65,45.769
217,7,783,567,32,77,61.232
218,8,777,610,23,55,23.076
218,9,1155,399,25,59,3.2554
218,10,564,357,27,65,52.17
218,11,575,351,27,65,59.287
218,12,972,355,30,71,15.607
218,13,783,567,32,77,57.131
218,14,919,36,32,77,7.2547
219,15,944,71,21,50,9.4612
219,16,410,121,23,55,8.0085
219,17,565,361,25,59,52.206
219,18,575,351,25,59,59.223
219,19,783,567,32,77,63.19
220,20,777,610,23,55,30.105
220,21,565,361,25,59,54.444
220,22,575,351,25,59,55.813
220,23,783,567,32,77,60.58
221,24,440,551,21,50,30.185
221,25,777,610,23,55,40.539
221,26,565,361,25,59,49.306
221,27,575,351,25,59,65.666
222,28,441,549,23,55,8.8445
222,29,777,606,23,55,10.597
222,30,565,361,25,59,53.317
222,31,575,351,25,59,54.623
222,32,783,567,32,77,62.133
223,33,928,443,21,50,3.9646
223,34,410,121,23,55,22.233
223,35,943,69,23,55,10.453
223,36,565,361,25,59,59.037
223,37,575,351,25,59,57.618
223,38,783,567,32,77,63.897
224,39,926,444,23,55,22.033
224,40,565,361,25,59,64.261
224,41,776,566,42,99,38.645
225,42,768,567,21,50,5.9718
225,43,926,444,23,55,28.516
225,44,565,361,25,59,85.737
225,45,575,356,25,59,26.187
225,46,925,42,32,77,2.8683
225,47,780,571,35,84,16.909
226,48,777,610,23,55,23.684
226,49,926,444,23,55,26.034
226,50,565,361,25,59,84.991
226,51,575,351,27,65,36.86
226,52,783,567,32,77,39.098
227,53,444,551,21,50,20.871
227,54,576,353,23,55,31.264
227,55,926,444,23,55,26.886
227,56,565,361,25,59,70.662
227,57,783,573,32,77,37.652
228,58,440,551,21,50,29.235
228,59,926,444,23,55,33.702
228,60,565,361,25,59,81.104
228,61,575,351,27,65,36.994
228,62,783,573,32,77,60.851
229,63,444,551,21,50,11.021
229,64,576,357,23,55,41.784
229,65,926,444,23,55,28.385
229,66,565,361,25,59,75.743
229,67,780,571,35,84,58.011
230,68,696,343,21,50,8.8857
230,69,926,444,23,55,18.053
230,70,565,361,25,59,70.059
230,71,575,351,27,65,27.423
230,72,783,573,32,77,56.048
231,73,565,361,25,59,57.839
231,74,575,357,27,65,35.212
231,75,780,571,35,84,57.616
232,76,444,551,21,50,21.408
232,77,559,362,27,65,29.048
232,78,570,357,27,65,50.014
232,79,783,573,32,77,61.871
232,80,910,403,65,154,17.932
233,81,444,551,21,50,21.027
233,82,1157,405,23,55,3.6257
233,83,565,361,25,59,42.798
233,84,575,357,27,65,37.234
233,85,783,573,32,77,51.801
233,86,910,403,65,154,14.531
234,87,1157,405,23,55,2.2232
234,88,570,365,25,59,54.866
234,89,783,573,32,77,44.717
234,90,910,390,65,154,17.936
235,91,444,551,21,50,8.1505
235,92,1157,405,23,55,5.0401
235,93,570,355,30,71,50.418
235,94,783,573,32,77,48.98
236,95,570,355,30,71,56.268
236,96,783,573,32,77,47.079
237,97,930,444,23,55,7.8474
237,98,570,355,30,71,45.773
237,99,789,573,32,77,31.9
238,100,570,355,30,71,48.248
238,101,789,573,32,77,53.588
239,102,944,75,21,50,14.017
239,103,930,444,23,55,1.6555
239,104,570,357,27,65,42.613
239,105,789,573,32,77,48.69
240,106,570,355,30,71,48.936
240,107,789,573,32,77,58.74
240,108,924,452,46,109,5.6888
241,109,608,395,21,50,5.9541
241,110,943,69,23,55,5.2936
241,111,570,355,30,71,52.121
241,112,783,573,32,77,53.259
242,113,784,63,21,50,14.287
242,114,570,361,25,59,51.198
242,115,580,356,25,59,38.799
242,116,936,65,25,59,10.199
242,117,783,573,32,77,61.711
243,118,570,361,25,59,66.373
243,119,580,356,25,59,27.928
243,120,783,573,32,77,52.67
244,121,930,444,23,55,5.2148
244,122,943,69,23,55,1.8525
244,123,570,361,25,59,62.078
244,124,580,356,25,59,30.825
244,125,783,573,32,77,27.78
244,126,1144,20,39,92,12.971
245,127,570,361,25,59,70.01
245,128,783,573,32,77,14.238
246,129,930,444,23,55,17.268
246,130,943,69,23,55,17.767
246,131,580,356,25,59,13.123
246,132,564,357,27,65,69.518
246,133,776,566,42,99,36.162
247,134,565,361,25,59,78.055
247,135,575,351,25,59,39.484
247,136,925,42,32,77,4.7462
247,137,780,571,35,84,28.53
247,138,910,403,65,154,17.587
248,139,412,127,21,50,8.3295
248,140,948,483,21,50,1.7577
248,141,576,353,23,55,32.65
248,142,565,361,25,59,51.883
248,143,776,566,42,99,32.037
249,144,396,1,21,48,0.21522
249,145,926,444,23,55,6.7957
249,146,570,361,25,59,61.028
249,147,925,36,32,77,12.702
249,148,780,571,35,84,39.261
250,149,565,361,25,59,50.921
250,150,575,351,25,59,42.569
250,151,927,441,25,59,4.2149
250,152,780,571,35,84,39.668
251,153,688,319,21,50,-0.50358
251,154,410,126,23,55,6.1828
251,155,926,444,23,55,10.782
251,156,570,357,27,65,53.416
251,157,777,570,39,92,26.562
252,158,565,361,25,59,53.667
252,159,575,356,25,59,31.803
252,160,776,566,42,99,33.394
253,161,464,555,21,50,25.92
253,162,568,366,23,55,55.267
253,163,575,356,25,59,24.537
253,164,777,570,39,92,34.807
254,165,960,75,21,50,-0.47358
254,166,568,366,23,55,45.796
254,167,782,610,23,55,29.034
254,168,575,351,27,65,18.361
254,169,947,215,77,182,3.9762
255,170,565,355,30,71,51.089
255,171,776,566,42,99,12.868
256,172,468,559,21,50,34.502
256,173,565,361,25,59,56.533
256,174,575,351,27,65,33.741
257,175,565,361,25,59,48.309
257,176,575,357,27,65,33.108
258,177,564,362,27,65,43.922
258,178,575,357,27,65,41.661
259,179,581,353,23,55,22.686
259,180,570,361,25,59,37.726
259,181,787,571,35,84,12.327
260,182,930,444,23,55,19.84
260,183,570,361,25,59,64.499
260,184,907,36,32,77,1.7802
260,185,787,571,35,84,27.661
261,186,930,444,23,55,16.47
261,187,570,361,25,59,49.346
261,188,580,351,25,59,9.4716
261,189,921,38,30,71,5.8945
261,190,787,571,35,84,28.772
262,191,581,357,23,55,24.599
262,192,570,365,25,59,53.123
262,193,925,36,32,77,12.343
262,194,787,571,35,84,16.916
262,1,920,443,50,119,24.258
263,2,570,365,25,59,44.288
263,3,580,356,25,59,30.67
263,4,932,441,25,59,7.7988
263,5,787,571,35,84,9.4901
264,6,575,361,25,59,57.141
264,7,789,573,32,77,3.7767
265,8,964,75,21,50,15.542
265,9,935,444,23,55,12.723
265,10,575,361,25,59,44.964
265,11,584,356,25,59,12.634
265,12,789,567,32,77,6.8557
266,13,570,361,25,59,46.956
266,14,932,441,25,59,8.2395
266,15,580,357,27,65,38.014
266,16,937,454,42,100,16.92
266,17,613,166,129,308,19.02
267,18,570,361,25,59,50.373
267,19,580,357,27,65,42.632
268,20,940,447,21,50,29.505
268,21,952,69,23,55,12.262
268,22,570,361,25,59,47.991
268,23,580,357,27,65,43.483
269,24,952,69,23,55,17.776
269,25,570,361,25,59,44.377
269,26,580,357,27,65,60.092
269,27,787,571,35,84,18.825
270,28,575,361,25,59,50.577
270,29,584,356,25,59,54.896
271,30,952,69,23,55,14.479
271,31,575,361,25,59,52.57
271,32,584,356,25,59,53.952
271,33,784,566,42,99,9.7941
271,34,929,454,42,100,19.058
272,35,60,339,21,50,24.417
272,36,575,361,25,59,55.535
272,37,584,356,25,59,67.074
272,38,936,441,25,59,4.8215
272,39,784,566,42,99,15.534
273,40,60,339,21,50,45.785
273,41,935,444,23,55,13.863
273,42,952,69,23,55,20.736
273,43,575,361,25,59,45.934
273,44,584,356,25,59,59.222
274,45,60,339,21,50,47.061
274,46,570,361,25,59,26.747
274,47,580,357,27,65,48.813
274,48,787,571,35,84,14.278
275,49,570,361,25,59,42.013
275,50,580,357,27,65,54.867
275,51,795,567,32,77,3.9961
275,52,924,452,46,109,8.008
276,53,948,69,23,55,14.309
276,54,570,355,30,71,46.858
276,55,613,191,129,308,1.7351
277,56,60,339,21,50,31.275
277,57,935,444,23,55,16.624
277,58,570,357,27,65,48.611
277,59,580,357,27,65,17.379
277,60,787,571,35,84,11.472
277,61,792,14,42,100,4.3029
278,62,943,69,23,55,4.0569
278,63,564,362,27,65,14.251
278,64,575,357,27,65,44.238
279,65,64,331,21,50,0.0054601
279,66,570,357,27,65,45.389
279,67,580,351,27,65,28.04
279,68,784,566,42,99,13.455
280,69,570,361,25,59,55.324
280,70,580,351,27,65,36.346
281,71,581,353,23,55,46.349
281,72,570,357,27,65,34.738
281,73,789,567,32,77,8.0808
282,74,581,353,23,55,35.757
282,75,948,69,23,55,9.2962
282,76,570,361,25,59,45.597
282,77,613,166,129,308,4.97
283,78,581,353,23,55,41.525
283,79,570,361,25,59,46.887
283,80,920,443,50,119,10.307
284,81,930,440,23,55,7.5257
284,82,564,357,27,65,38.744
284,83,575,351,27,65,58.143
284,84,613,166,129,308,20.228
285,85,592,575,21,50,34.704
285,86,930,440,23,55,14.663
285,87,570,349,30,71,43.694
285,88,925,36,32,77,28.491
286,89,594,576,23,55,34.749
286,90,930,440,23,55,3.8609
286,91,570,351,27,65,47.475
286,92,789,567,32,77,16.552
287,93,580,351,21,50,42.801
287,94,930,440,23,55,7.4049
287,95,564,357,27,65,49.11
288,96,576,353,23,55,32.946
288,97,565,361,25,59,58.522
288,98,783,567,32,77,8.2238
288,99,919,29,32,77,15.307
288,100,601,541,39,92,30.331
288,101,921,454,42,100,-0.40237
289,102,616,579,21,50,17.354
289,103,926,440,23,55,8.9133
289,104,565,361,25,59,50.164
289,105,575,351,27,65,24.793
289,106,783,567,32,77,23.086
289,107,760,335,35,84,12.042
290,108,616,580,23,55,14.974
290,109,926,440,23,55,20.413
290,110,565,349,30,71,49.698
290,111,783,567,32,77,15.028
290,112,755,328,39,92,13.894
291,113,572,353,23,55,43.233
291,114,620,580,23,55,0.50576
291,115,561,361,25,59,54.065
292,116,628,583,21,50,14.086
292,117,554,357,27,65,29.573
292,118,565,349,30,71,54.73
293,119,556,361,25,59,26.724
293,120,564,351,27,65,46.214
294,121,773,606,23,55,24.518
294,122,559,349,30,71,50.625
295,123,559,349,30,71,59.593
295,124,777,567,32,77,13.282
296,125,656,587,21,50,41.087
296,126,570,351,25,59,26.811
296,127,559,351,27,65,61.161
296,128,913,29,32,77,22.934
297,129,559,351,27,65,55.231
298,130,676,587,21,50,18.725
298,131,772,615,21,50,46.448
298,132,921,436,23,55,7.5227
298,133,556,356,25,59,29.929
298,134,565,349,30,71,58.174
