1,-1,544,147,21,50,72.133
1,-1,872,207,21,50,53.542
1,-1,1012,191,21,50,70.213
1,-1,1088,159,21,50,87.382
1,-1,1108,139,21,50,40.832
1,-1,1065,152,23,55,52.549
1,-1,889,189,25,59,65.166
1,-1,899,251,25,59,38.083
1,-1,1094,70,25,59,35.728
1,-1,499,23,32,77,9.866
2,-1,544,147,21,50,72.133
2,-1,872,207,21,50,53.542
2,-1,1012,191,21,50,70.213
2,-1,1088,159,21,50,87.382
2,-1,1108,139,21,50,40.832
2,-1,1065,152,23,55,52.549
2,-1,889,189,25,59,65.166
2,-1,899,251,25,59,38.083
2,-1,1094,70,25,59,35.728
2,-1,499,23,32,77,9.866
3,-1,544,147,21,50,47.435
3,-1,868,207,21,50,60.398
3,-1,1008,191,21,50,63.871
3,-1,1088,159,21,50,43.343
3,-1,1100,139,21,50,25.208
3,-1,1108,139,21,50,26.484
3,-1,1065,152,23,55,76.493
3,-1,1092,73,23,55,28.204
3,-1,889,189,25,59,50.607
3,-1,502,25,27,65,28.079
3,-1,894,218,39,92,44.795
4,-1,536,147,21,50,52.114
4,-1,544,155,21,50,44.213
4,-1,868,211,21,50,56.283
4,-1,1008,191,21,50,86.085
4,-1,1084,159,21,50,54.585
4,-1,1100,139,21,50,57.266
4,-1,1061,152,23,55,80.945
4,-1,884,189,25,59,42.346
4,-1,894,251,25,59,38.777
4,-1,1089,75,25,59,58.469
5,-1,532,147,21,50,47.903
5,-1,540,155,21,50,51.085
5,-1,864,211,21,50,59.572
5,-1,884,191,21,50,71.821
5,-1,984,195,21,50,18.576
5,-1,1004,191,21,50,82.022
5,-1,1064,155,21,50,58.582
5,-1,1080,159,21,50,55.947
5,-1,1088,75,21,50,41.157
5,-1,1096,139,21,50,37.495
5,-1,1104,143,21,50,5.9357
5,-1,493,23,32,77,31.526
5,-1,887,218,39,92,46.068
6,-1,532,147,21,50,66.778
6,-1,540,147,21,50,20.187
6,-1,860,207,21,50,68.617
6,-1,1000,191,21,50,56.535
6,-1,1060,155,21,50,71.965
6,-1,1076,159,21,50,86.608
6,-1,1088,139,21,50,44.855
6,-1,1096,139,21,50,28.276
6,-1,880,189,25,59,69.818
6,-1,889,251,25,59,24.811
6,-1,493,23,32,77,10.04
7,-1,528,147,21,50,43.099
7,-1,536,151,21,50,41.758
7,-1,860,207,21,50,92.854
7,-1,980,191,21,50,47.503
7,-1,1000,191,21,50,58.685
7,-1,1056,151,21,50,60.938
7,-1,1076,159,21,50,65.175
7,-1,878,191,23,55,99.273
7,-1,1083,73,23,55,74.662
7,-1,1087,134,23,55,25.03
7,-1,487,17,32,77,12.214
8,-1,496,43,21,50,8.6188
8,-1,532,151,21,50,55.435
8,-1,860,207,21,50,84.543
8,-1,980,191,21,50,33.255
8,-1,996,191,21,50,61.774
8,-1,1052,151,21,50,79.724
8,-1,1060,159,21,50,6.8474
8,-1,1072,159,21,50,65.133
8,-1,1088,135,21,50,33.705
8,-1,875,189,25,59,103.08
8,-1,1080,70,25,59,76.408
8,-1,875,227,35,84,42.172
9,-1,528,147,21,50,40.139
9,-1,856,207,21,50,88.079
9,-1,980,191,21,50,49.343
9,-1,996,191,21,50,65.049
9,-1,1008,163,21,50,9.1416
9,-1,1072,159,21,50,73.819
9,-1,1096,139,21,50,44.51
9,-1,1052,152,23,55,41.284
9,-1,875,189,25,59,104.45
9,-1,1080,70,25,59,69.924
9,-1,875,227,35,84,49.438
10,-1,860,207,21,50,69.602
10,-1,980,191,21,50,58.749
10,-1,996,191,21,50,52.79
10,-1,1056,151,21,50,50.655
10,-1,1076,159,21,50,62.174
10,-1,1084,139,21,50,23.595
10,-1,1096,139,21,50,64.853
10,-1,528,147,23,55,4.7679
10,-1,1061,56,23,55,7.345
10,-1,875,189,25,59,92.864
10,-1,1080,70,25,59,69.584
10,-1,875,227,35,84,48.174
11,-1,528,147,21,50,26.676
11,-1,856,211,21,50,69.312
11,-1,980,191,21,50,70.67
11,-1,1000,191,21,50,57.141
11,-1,1064,59,21,50,11.7
11,-1,1076,159,21,50,84.148
11,-1,1088,139,21,50,35.109
11,-1,1096,139,21,50,52.842
11,-1,869,191,23,55,6.7308
11,-1,878,191,23,55,68.99
11,-1,1057,152,23,55,50.425
11,-1,1080,70,25,59,75.721
12,-1,856,211,21,50,88.828
12,-1,980,191,21,50,67.466
12,-1,1076,159,21,50,73.806
12,-1,1084,139,21,50,4.1282
12,-1,873,191,23,55,84.075
12,-1,1057,152,23,55,57.487
12,-1,1092,139,23,55,58.293
12,-1,1084,70,25,59,70.282
12,-1,491,21,30,71,12.319
12,-1,881,233,32,77,46.202
13,-1,528,147,21,50,45.41
13,-1,980,191,21,50,77.131
13,-1,1000,191,21,50,33.221
13,-1,1076,159,21,50,70.935
13,-1,1088,139,21,50,51.689
13,-1,1096,139,21,50,38.351
13,-1,856,209,23,55,69.1
13,-1,878,191,23,55,94.14
13,-1,1057,152,23,55,65.928
13,-1,1083,73,23,55,60.898
13,-1,491,13,39,92,12.456
13,-1,879,226,39,92,40.902
14,-1,528,151,21,50,53.909
14,-1,860,211,21,50,91.189
14,-1,980,191,21,50,73.676
14,-1,1000,191,21,50,30.811
14,-1,1056,155,21,50,68.187
14,-1,1076,159,21,50,68.769
14,-1,1088,139,21,50,66.318
14,-1,1096,143,21,50,73.318
14,-1,1104,143,21,50,10.419
14,-1,878,191,23,55,64.729
14,-1,1087,73,23,55,59.289
14,-1,886,252,27,65,32.871
14,-1,493,23,32,77,27.559
15,-1,524,147,21,50,38.684
15,-1,860,211,21,50,84.858
15,-1,980,195,21,50,71.87
15,-1,1060,155,21,50,69.289
15,-1,1076,159,21,50,57.409
15,-1,1088,139,21,50,67.786
15,-1,1096,139,21,50,38.881
15,-1,1083,73,23,55,52.383
15,-1,875,189,25,59,68.923
15,-1,493,23,32,77,1.9115
15,-1,882,227,35,84,49.562
16,-1,524,147,21,50,64.596
16,-1,860,211,21,50,85.495
16,-1,980,191,21,50,58.233
16,-1,1004,191,21,50,40.747
16,-1,1076,159,21,50,41.856
16,-1,1088,139,21,50,55.498
16,-1,1104,143,21,50,14.838
16,-1,873,191,23,55,71.304
16,-1,1061,156,23,55,62.654
16,-1,1087,73,23,55,59.599
16,-1,493,23,32,77,30.92
16,-1,882,234,35,84,40.113
17,-1,524,147,21,50,102.65
17,-1,860,211,21,50,96.678
17,-1,980,191,21,50,67.622
17,-1,1000,191,21,50,63.205
17,-1,1076,159,21,50,53.314
17,-1,1092,139,21,50,54.153
17,-1,1100,143,21,50,23.521
17,-1,873,191,23,55,71.507
17,-1,1057,152,23,55,60.727
17,-1,1083,73,23,55,58.727
17,-1,493,23,32,77,30.721
18,-1,528,147,21,50,64.964
18,-1,860,211,21,50,121.77
18,-1,876,191,21,50,66.972
18,-1,984,191,21,50,57.941
18,-1,1004,195,21,50,49.46
18,-1,1088,139,21,50,43.566
18,-1,1096,139,21,50,51.64
18,-1,1104,143,21,50,25.544
18,-1,1061,152,23,55,60.714
18,-1,497,21,30,71,30.185
18,-1,887,253,30,71,10.606
19,-1,528,147,21,50,61.522
19,-1,860,211,21,50,123.99
19,-1,880,191,21,50,50.584
19,-1,984,195,21,50,54.907
19,-1,1092,139,21,50,46.49
19,-1,1100,143,21,50,70.637
19,-1,1004,191,23,55,74.467
19,-1,1017,165,23,55,13.116
19,-1,1065,152,23,55,46.104
19,-1,499,23,32,77,25.668
20,-1,528,151,21,50,104.61
20,-1,860,211,21,50,109.9
20,-1,988,195,21,50,35.825
20,-1,1084,159,21,50,33.441
20,-1,1092,75,21,50,60.023
20,-1,1092,139,21,50,67.704
20,-1,1100,139,21,50,60.73
20,-1,878,191,23,55,31.076
20,-1,1004,191,23,55,46.139
20,-1,1065,152,23,55,56.689
20,-1,499,23,32,77,37.524
20,-1,888,252,32,77,45.575
21,-1,528,151,21,50,90.04
21,-1,860,211,21,50,130.52
21,-1,984,191,21,50,35.117
21,-1,1092,139,21,50,46.227
21,-1,1096,71,21,50,10.071
21,-1,1100,139,21,50,51.611
21,-1,1108,143,21,50,30.325
21,-1,878,191,23,55,42.096
21,-1,1004,191,23,55,56.021
21,-1,1061,152,23,55,52.543
21,-1,499,23,32,77,26.308
21,-1,888,252,32,77,38.325
22,-1,524,151,21,50,82.681
22,-1,860,211,21,50,74.375
22,-1,984,195,21,50,87.009
22,-1,1004,191,21,50,64.45
22,-1,1060,155,21,50,37.974
22,-1,1080,163,21,50,47.548
22,-1,1092,139,21,50,50.706
22,-1,1100,143,21,50,50.539
22,-1,875,189,25,59,67.741
22,-1,499,23,32,77,33.881
22,-1,888,252,32,77,41.132
23,-1,524,151,21,50,127.35
23,-1,876,191,21,50,82.559
23,-1,984,191,21,50,59.264
23,-1,1004,191,21,50,34.803
23,-1,1092,139,21,50,65.422
23,-1,1100,143,21,50,4.49
23,-1,856,209,23,55,84.969
23,-1,1061,152,23,55,36.167
23,-1,886,252,27,65,14.415
23,-1,499,23,32,77,29.465
24,-1,524,151,21,50,68.491
24,-1,856,211,21,50,99.943
24,-1,980,191,21,50,58.306
24,-1,988,59,21,50,20.958
24,-1,1000,191,21,50,82.788
24,-1,1056,155,21,50,50.604
24,-1,1064,155,21,50,14.537
24,-1,1076,159,21,50,30.238
24,-1,1088,139,21,50,41.583
24,-1,1096,139,21,50,50.694
24,-1,1260,275,21,50,4.009
24,-1,873,191,23,55,68.695
24,-1,878,213,23,55,19.253
24,-1,881,253,30,71,19.698
24,-1,499,17,32,77,19.33
25,-1,520,151,21,50,94.547
25,-1,852,211,21,50,91.824
25,-1,872,191,21,50,85.1
25,-1,980,191,21,50,54.968
25,-1,1088,139,21,50,46.688
25,-1,1096,139,21,50,35.491
25,-1,1057,152,23,55,39.445
25,-1,497,21,30,71,10.976
25,-1,881,253,30,71,17.841
26,-1,516,147,21,50,89.703
26,-1,852,211,21,50,95.61
26,-1,868,191,21,50,75.104
26,-1,976,191,21,50,39.558
26,-1,996,191,21,50,67.557
26,-1,1080,139,21,50,45.942
26,-1,1088,139,21,50,81.775
26,-1,1052,152,23,55,57.725
26,-1,1070,146,25,59,30.694
26,-1,493,17,32,77,39.864
27,-1,512,147,21,50,54.2
27,-1,848,211,21,50,107.08
27,-1,864,191,21,50,72.442
27,-1,868,203,21,50,33.783
27,-1,992,191,21,50,56.539
27,-1,1084,139,21,50,61.616
27,-1,1092,139,21,50,6.9249
27,-1,1048,152,23,55,56.511
27,-1,1075,65,25,59,10.374
27,-1,491,21,30,71,33.507
27,-1,875,253,30,71,31.198
27,-1,1060,134,32,77,15.044
28,-1,848,207,21,50,99.066
28,-1,972,191,21,50,22.632
28,-1,992,191,21,50,66.131
28,-1,1076,139,21,50,37.401
28,-1,1084,139,21,50,76.979
28,-1,1092,139,21,50,10.935
28,-1,511,147,23,55,72.935
28,-1,864,191,23,55,62.771
28,-1,1052,152,23,55,48.98
28,-1,1065,146,25,59,18.073
28,-1,493,17,32,77,49.793
29,-1,512,147,21,50,80.987
29,-1,848,211,21,50,101.91
29,-1,864,191,21,50,69.351
29,-1,992,191,21,50,53.219
29,-1,1068,159,21,50,47.979
29,-1,1088,139,21,50,54.856
29,-1,1048,152,23,55,50.94
29,-1,1078,134,23,55,41.365
29,-1,493,17,32,77,43.95
29,-1,875,252,32,77,54.985
30,-1,508,147,21,50,42.353
30,-1,844,211,21,50,107.79
30,-1,972,195,21,50,32.416
30,-1,992,191,21,50,60.311
30,-1,1076,139,21,50,31.473
30,-1,1084,139,21,50,71.065
30,-1,1092,139,21,50,8.8581
30,-1,860,191,23,55,50.695
30,-1,1052,152,23,55,44.082
30,-1,1065,146,25,59,38.639
30,-1,493,17,32,77,46.161
31,-1,508,147,21,50,65.55
31,-1,516,151,21,50,7.3902
31,-1,972,195,21,50,27.572
31,-1,992,191,21,50,70.612
31,-1,1052,155,21,50,27.191
31,-1,1068,159,21,50,60.626
31,-1,1076,139,21,50,42.217
31,-1,1084,139,21,50,90.523
31,-1,843,209,23,55,81.143
31,-1,860,191,23,55,61.514
31,-1,1070,65,25,59,32.041
31,-1,493,17,32,77,37.521
32,-1,508,147,21,50,102.16
32,-1,844,211,21,50,113.27
32,-1,972,195,21,50,50.521
32,-1,992,191,21,50,62.441
32,-1,1052,155,21,50,36.378
32,-1,1068,159,21,50,65.61
32,-1,1076,139,21,50,35.478
32,-1,1084,139,21,50,45.1
32,-1,860,191,23,55,61.567
32,-1,1072,61,27,65,21.152
32,-1,493,17,32,77,42.248
33,-1,508,147,21,50,84.027
33,-1,844,211,21,50,95.138
33,-1,992,191,21,50,67.213
33,-1,1052,155,21,50,26.258
33,-1,1068,159,21,50,54.862
33,-1,1080,139,21,50,43.147
33,-1,1088,139,21,50,24.219
33,-1,1072,61,27,65,6.3658
33,-1,491,21,30,71,21.109
33,-1,857,190,32,77,39.448
34,-1,508,151,21,50,61.939
34,-1,844,211,21,50,83.865
34,-1,988,195,21,50,74.936
34,-1,1068,159,21,50,49.509
34,-1,1076,139,21,50,50.285
34,-1,1048,156,23,55,32.129
34,-1,491,21,30,71,11.863
34,-1,857,190,32,77,51.985
35,-1,508,151,21,50,75.935
35,-1,844,211,21,50,86.285
35,-1,972,195,21,50,50.86
35,-1,988,195,21,50,64.52
35,-1,1068,159,21,50,52.478
35,-1,1080,139,21,50,84.115
35,-1,1088,139,21,50,12.441
35,-1,1048,152,23,55,34.975
35,-1,1074,69,23,55,27.965
35,-1,487,17,32,77,40.983
35,-1,857,190,32,77,58.971
35,-1,869,227,32,77,7.5284
36,-1,504,151,21,50,80.745
36,-1,512,151,21,50,30.266
36,-1,844,211,21,50,75.49
36,-1,972,195,21,50,74.066
36,-1,988,195,21,50,65.361
36,-1,1068,159,21,50,36.103
36,-1,1080,139,21,50,67.786
36,-1,860,191,23,55,40.682
36,-1,1048,152,23,55,46.334
36,-1,1065,65,25,59,17.443
36,-1,491,21,30,71,39.826
36,-1,865,233,39,92,37.427
37,-1,504,151,21,50,83.83
37,-1,840,211,21,50,61.359
37,-1,856,191,21,50,33.081
37,-1,988,195,21,50,63.835
37,-1,1068,79,21,50,37.195
37,-1,1068,159,21,50,59.015
37,-1,1076,139,21,50,72.56
37,-1,1084,143,21,50,43.338
37,-1,969,191,23,55,14.134
37,-1,1046,151,25,59,40.124
37,-1,493,17,32,77,20.324
38,-1,500,151,21,50,83.494
38,-1,508,151,21,50,53.273
38,-1,968,195,21,50,50.692
38,-1,988,195,21,50,56.21
38,-1,1080,139,21,50,62.344
38,-1,838,209,23,55,56.387
38,-1,856,191,23,55,54.945
38,-1,1044,152,23,55,32.33
38,-1,491,21,30,71,23.563
38,-1,1060,134,32,77,67.099
38,-1,1066,54,32,77,13.376
39,-1,508,151,21,50,23.66
39,-1,860,203,21,50,5.6462
39,-1,968,195,21,50,41.53
39,-1,988,195,21,50,58.145
39,-1,996,163,21,50,19.403
39,-1,1080,143,21,50,31.54
39,-1,497,147,23,55,86.978
39,-1,838,213,23,55,61.236
39,-1,851,191,23,55,26.499
39,-1,1044,152,23,55,34.613
39,-1,1056,55,30,71,11.644
39,-1,487,17,32,77,46.328
39,-1,869,252,32,77,50.992
39,-1,1060,134,32,77,63.887
40,-1,496,151,21,50,98.831
40,-1,836,215,21,50,94.143
40,-1,968,195,21,50,62.371
40,-1,984,195,21,50,52.637
40,-1,996,167,21,50,25.579
40,-1,1060,163,21,50,67.982
40,-1,1039,152,23,55,16.363
40,-1,1074,139,23,55,49.81
40,-1,851,194,25,59,21.763
40,-1,1062,66,27,65,52.33
40,-1,487,17,32,77,12.857
40,-1,857,233,39,92,58.135
41,-1,496,151,21,50,71.128
41,-1,836,215,21,50,89.574
41,-1,964,195,21,50,48.566
41,-1,1076,143,21,50,59.611
41,-1,851,191,23,55,27.643
41,-1,982,191,23,55,36.007
41,-1,1039,156,23,55,35.142
41,-1,1056,61,30,71,27.277
41,-1,1054,140,32,77,77.38
41,-1,484,12,35,84,16.918
42,-1,492,151,21,50,40.169
42,-1,500,151,21,50,53.655
42,-1,836,215,21,50,100.58
42,-1,964,195,21,50,56.065
42,-1,1056,163,21,50,74.202
42,-1,1064,159,21,50,18.81
42,-1,1068,139,21,50,57.687
42,-1,1076,143,21,50,56.019
42,-1,851,200,23,55,29.429
42,-1,1037,151,25,59,40.622
42,-1,487,17,32,77,17.34
42,-1,1054,54,32,77,4.768
43,-1,488,151,21,50,27.628
43,-1,496,151,21,50,41.681
43,-1,832,215,21,50,98.383
43,-1,848,195,21,50,21.287
43,-1,852,207,21,50,51.801
43,-1,964,195,21,50,60.831
43,-1,980,195,21,50,61.213
43,-1,992,163,21,50,13.441
43,-1,1056,159,21,50,61.759
43,-1,1068,139,21,50,74.3
43,-1,1076,143,21,50,71.53
43,-1,1041,151,25,59,52.605
43,-1,485,21,30,71,14.108
43,-1,1050,55,30,71,42.196
44,-1,488,151,21,50,53.021
44,-1,496,155,21,50,59.986
44,-1,832,211,21,50,87.218
44,-1,964,195,21,50,46.124
44,-1,1044,159,21,50,24.097
44,-1,1056,159,21,50,84.549
44,-1,1076,143,21,50,56.854
44,-1,851,200,23,55,34.116
44,-1,1035,152,23,55,61
44,-1,1065,139,23,55,76.344
44,-1,1051,61,27,65,65.512
45,-1,488,151,21,50,71.284
45,-1,828,215,21,50,59.54
45,-1,844,195,21,50,24.485
45,-1,852,207,21,50,59.682
45,-1,1052,159,21,50,59.126
45,-1,1072,143,21,50,76.951
45,-1,978,191,23,55,62.093
45,-1,1035,152,23,55,48.059
45,-1,1057,139,23,55,19.74
45,-1,1051,65,25,59,56.947
45,-1,485,21,30,71,7.5798
45,-1,850,233,39,92,40.949
46,-1,488,151,21,50,92.494
46,-1,828,215,21,50,78.855
46,-1,848,207,21,50,44.408
46,-1,960,191,21,50,19.551
46,-1,1068,139,21,50,95.869
46,-1,978,191,23,55,20.748
46,-1,1035,156,23,55,56.077
46,-1,1051,70,25,59,87.243
46,-1,857,252,32,77,31.716
46,-1,1048,134,32,77,85.039
47,-1,828,215,21,50,72.278
47,-1,960,195,21,50,54.953
47,-1,1052,163,21,50,76.204
47,-1,1100,147,21,50,-0.39723
47,-1,484,147,23,55,72.385
47,-1,847,200,23,55,3.2928
47,-1,1039,156,23,55,72.794
47,-1,1052,73,23,55,64.702
47,-1,1065,139,23,55,79.538
47,-1,850,233,39,92,38.317
47,-1,485,1,42,97,34.985
48,-1,484,151,21,50,68.379
48,-1,828,215,21,50,76.175
48,-1,848,207,21,50,35.506
48,-1,960,195,21,50,50.344
48,-1,1052,55,21,50,22.717
48,-1,1052,75,21,50,40.829
48,-1,1052,159,21,50,89.193
48,-1,1060,139,21,50,24.822
48,-1,1068,139,21,50,83.904
48,-1,978,191,23,55,40.848
48,-1,1035,152,23,55,51.553
48,-1,480,23,32,77,8.0063
48,-1,857,252,32,77,30.525
49,-1,484,151,21,50,59.982
49,-1,848,207,21,50,24.838
49,-1,956,195,21,50,75.427
49,-1,1068,139,21,50,87.821
49,-1,825,213,23,55,61.866
49,-1,978,191,23,55,48.449
49,-1,1039,156,23,55,75.08
49,-1,481,19,27,65,7.6289
49,-1,1048,54,32,77,32.613
49,-1,1048,134,32,77,88.998
49,-1,848,234,35,84,28.02
50,-1,484,151,21,50,63.494
50,-1,956,195,21,50,74.19
50,-1,1036,155,21,50,64.512
50,-1,1068,139,21,50,84.553
50,-1,825,213,23,55,99.108
50,-1,978,191,23,55,23.577
50,-1,1051,61,25,59,20.988
50,-1,480,17,32,77,26.059
50,-1,857,252,32,77,32.706
50,-1,1048,134,32,77,85.185
