1,1,544.000000,147.000000,21.000000,50.000000,-1.000000,-1.000000,-1.000000,-1.000000
2,1,543.299668,147.078555,21.246652,50.337693,-1.000000,-1.000000,-1.000000,-1.000000
3,1,537.666874,147.605142,21.120818,49.937043,-1.000000,-1.000000,-1.000000,-1.000000
4,1,533.848343,147.363450,21.248334,50.174390,-1.000000,-1.000000,-1.000000,-1.000000
5,1,532.589005,147.247183,21.015918,49.614587,-1.000000,-1.000000,-1.000000,-1.000000
6,1,528.720361,147.056591,21.108171,49.809970,-1.000000,-1.000000,-1.000000,-1.000000
7,1,529.755490,148.923315,21.044173,49.656498,-1.000000,-1.000000,-1.000000,-1.000000
8,1,527.698110,146.961742,21.169332,49.939773,-1.000000,-1.000000,-1.000000,-1.000000
9,1,527.443401,147.049941,22.284667,52.705060,-1.000000,-1.000000,-1.000000,-1.000000
10,1,527.568096,147.589842,21.397728,50.582672,-1.000000,-1.000000,-1.000000,-1.000000
11,1,527.209654,147.396645,22.037950,51.613803,-1.000000,-1.000000,-1.000000,-1.000000
12,1,527.770553,147.383110,21.635060,50.868569,-1.000000,-1.000000,-1.000000,-1.000000
13,1,527.521009,149.319892,21.602632,50.874081,-1.000000,-1.000000,-1.000000,-1.000000
14,1,525.530204,147.313178,21.571838,50.842663,-1.000000,-1.000000,-1.000000,-1.000000
15,1,525.430064,146.983229,21.672010,51.091729,-1.000000,-1.000000,-1.000000,-1.000000
16,1,525.505090,147.254338,21.547213,50.816428,-1.000000,-1.000000,-1.000000,-1.000000
17,1,527.746678,147.388974,21.535092,50.791879,-1.000000,-1.000000,-1.000000,-1.000000
18,1,528.580628,147.287833,21.576537,50.888548,-1.000000,-1.000000,-1.000000,-1.000000
19,1,528.913074,149.601612,21.388416,50.457682,-1.000000,-1.000000,-1.000000,-1.000000
20,1,528.336174,149.748963,21.430256,50.550986,-1.000000,-1.000000,-1.000000,-1.000000
21,1,525.603693,150.226132,21.124647,49.847995,-1.000000,-1.000000,-1.000000,-1.000000
22,1,524.224637,149.764226,21.507114,50.720845,-1.000000,-1.000000,-1.000000,-1.000000
23,1,523.313938,150.158804,21.329919,50.317918,-1.000000,-1.000000,-1.000000,-1.000000
24,1,520.318068,149.942138,21.088586,49.762005,-1.000000,-1.000000,-1.000000,-1.000000
25,1,516.600431,147.595675,21.073907,49.723020,-1.000000,-1.000000,-1.000000,-1.000000
26,1,513.174550,147.310293,21.353961,50.363709,-1.000000,-1.000000,-1.000000,-1.000000
27,1,511.881490,147.275864,22.037184,52.139796,-1.000000,-1.000000,-1.000000,-1.000000
28,1,511.696682,147.454016,21.192478,50.107134,-1.000000,-1.000000,-1.000000,-1.000000
29,1,509.157795,146.672775,21.506359,50.772475,-1.000000,-1.000000,-1.000000,-1.000000
30,1,508.606315,146.990909,21.267168,50.199678,-1.000000,-1.000000,-1.000000,-1.000000
31,1,508.462916,147.096157,21.108743,49.819718,-1.000000,-1.000000,-1.000000,-1.000000
32,1,508.026975,147.576401,21.076025,49.733817,-1.000000,-1.000000,-1.000000,-1.000000
33,1,507.295451,149.648610,21.225182,50.070761,-1.000000,-1.000000,-1.000000,-1.000000
34,1,507.429934,149.697223,21.241037,50.107184,-1.000000,-1.000000,-1.000000,-1.000000
35,1,505.135254,149.920235,21.250658,50.129591,-1.000000,-1.000000,-1.000000,-1.000000
36,1,504.489901,150.169437,21.086483,49.752667,-1.000000,-1.000000,-1.000000,-1.000000
37,1,501.457766,149.723253,21.309208,50.261484,-1.000000,-1.000000,-1.000000,-1.000000
38,1,498.894775,147.771166,22.349292,52.856385,-1.000000,-1.000000,-1.000000,-1.000000
39,1,497.522173,150.738878,21.147890,50.008728,-1.000000,-1.000000,-1.000000,-1.000000
40,1,496.109890,150.220803,21.305932,50.312178,-1.000000,-1.000000,-1.000000,-1.000000
41,1,493.556995,150.473497,21.350484,50.387865,-1.000000,-1.000000,-1.000000,-1.000000
42,1,494.677908,150.715313,21.247019,50.137602,-1.000000,-1.000000,-1.000000,-1.000000
43,1,489.654717,150.289166,21.406939,50.497132,-1.000000,-1.000000,-1.000000,-1.000000
44,1,488.706968,150.314650,21.389553,50.456246,-1.000000,-1.000000,-1.000000,-1.000000
45,1,487.830749,149.948809,21.669515,51.098867,-1.000000,-1.000000,-1.000000,-1.000000
46,1,485.612339,147.949343,22.490705,53.192892,-1.000000,-1.000000,-1.000000,-1.000000
47,1,485.149939,149.780948,21.760595,51.429722,-1.000000,-1.000000,-1.000000,-1.000000
48,1,484.550777,149.268730,21.809775,51.489325,-1.000000,-1.000000,-1.000000,-1.000000
49,1,484.043565,149.578168,21.621046,51.028905,-1.000000,-1.000000,-1.000000,-1.000000
50,1,481.034096,147.936016,22.394256,52.990603,-1.000000,-1.000000,-1.000000,-1.000000
1,2,872.000000,207.000000,21.000000,50.000000,-1.000000,-1.000000,-1.000000,-1.000000
2,2,869.374460,207.302853,21.120412,50.045047,-1.000000,-1.000000,-1.000000,-1.000000
3,2,867.721783,209.556776,21.192754,50.099967,-1.000000,-1.000000,-1.000000,-1.000000
4,2,864.278390,209.897870,21.090182,49.810277,-1.000000,-1.000000,-1.000000,-1.000000
5,2,860.761624,207.227445,21.230364,50.104645,-1.000000,-1.000000,-1.000000,-1.000000
6,2,859.370678,207.262990,21.125892,49.853382,-1.000000,-1.000000,-1.000000,-1.000000
7,2,858.507306,206.922667,21.321248,50.294958,-1.000000,-1.000000,-1.000000,-1.000000
8,2,856.466787,207.833352,20.805287,49.109346,-1.000000,-1.000000,-1.000000,-1.000000
9,2,858.324004,207.547987,21.607473,50.942956,-1.000000,-1.000000,-1.000000,-1.000000
10,2,856.620144,209.715773,21.376707,50.423193,-1.000000,-1.000000,-1.000000,-1.000000
11,2,857.039238,210.035902,21.180598,49.973265,-1.000000,-1.000000,-1.000000,-1.000000
12,2,856.888663,209.145458,22.410601,52.998446,-1.000000,-1.000000,-1.000000,-1.000000
13,2,859.011799,210.184573,21.332081,50.435059,-1.000000,-1.000000,-1.000000,-1.000000
14,2,858.661536,210.135121,21.398786,50.530617,-1.000000,-1.000000,-1.000000,-1.000000
15,2,858.729361,209.946193,21.412137,50.533870,-1.000000,-1.000000,-1.000000,-1.000000
16,2,858.962943,210.016669,21.228161,50.097496,-1.000000,-1.000000,-1.000000,-1.000000
17,2,859.542820,209.921816,21.552906,50.833934,-1.000000,-1.000000,-1.000000,-1.000000
18,2,860.267635,210.083698,21.509909,50.736312,-1.000000,-1.000000,-1.000000,-1.000000
19,2,860.658546,209.979619,21.629797,51.011633,-1.000000,-1.000000,-1.000000,-1.000000
20,2,860.287222,210.146221,21.624553,51.001761,-1.000000,-1.000000,-1.000000,-1.000000
21,2,859.387395,210.437827,21.683590,51.138447,-1.000000,-1.000000,-1.000000,-1.000000
22,2,856.746655,209.221500,22.707745,53.695595,-1.000000,-1.000000,-1.000000,-1.000000
23,2,855.885311,210.409219,21.535771,50.916172,-1.000000,-1.000000,-1.000000,-1.000000
24,2,852.673864,209.916119,21.868219,51.621861,-1.000000,-1.000000,-1.000000,-1.000000
25,2,851.059762,210.042390,21.833805,51.518636,-1.000000,-1.000000,-1.000000,-1.000000
26,2,847.957992,210.012894,21.657533,51.100413,-1.000000,-1.000000,-1.000000,-1.000000
27,2,847.465399,207.806032,21.944392,51.750255,-1.000000,-1.000000,-1.000000,-1.000000
28,2,847.301753,209.868307,21.685609,51.155836,-1.000000,-1.000000,-1.000000,-1.000000
29,2,844.926362,210.002577,21.695688,51.174319,-1.000000,-1.000000,-1.000000,-1.000000
30,2,844.455498,209.637504,22.150997,52.419988,-1.000000,-1.000000,-1.000000,-1.000000
31,2,844.569552,210.469017,21.388882,50.570821,-1.000000,-1.000000,-1.000000,-1.000000
32,2,844.017849,210.024341,21.825979,51.518154,-1.000000,-1.000000,-1.000000,-1.000000
33,2,843.947712,210.618208,21.369902,50.447189,-1.000000,-1.000000,-1.000000,-1.000000
34,2,843.909009,210.536013,21.723617,51.241247,-1.000000,-1.000000,-1.000000,-1.000000
35,2,843.575239,210.223592,21.994557,51.861154,-1.000000,-1.000000,-1.000000,-1.000000
36,2,841.146538,210.410615,21.913929,51.679478,-1.000000,-1.000000,-1.000000,-1.000000
37,2,839.348441,209.693273,22.910114,54.171025,-1.000000,-1.000000,-1.000000,-1.000000
38,2,838.888615,211.747359,22.445328,53.215387,-1.000000,-1.000000,-1.000000,-1.000000
39,2,836.284227,213.468953,21.763242,51.535243,-1.000000,-1.000000,-1.000000,-1.000000
40,2,835.153919,214.424001,21.473487,50.763483,-1.000000,-1.000000,-1.000000,-1.000000
41,2,834.995966,214.555381,21.447863,50.647721,-1.000000,-1.000000,-1.000000,-1.000000
42,2,832.050269,214.569204,21.455974,50.637745,-1.000000,-1.000000,-1.000000,-1.000000
43,2,830.862030,212.644303,21.519478,50.769719,-1.000000,-1.000000,-1.000000,-1.000000
44,2,827.861469,214.479294,21.602484,50.954763,-1.000000,-1.000000,-1.000000,-1.000000
45,2,827.525530,214.367383,21.571357,50.881917,-1.000000,-1.000000,-1.000000,-1.000000
46,2,827.279950,214.119001,21.582513,50.906318,-1.000000,-1.000000,-1.000000,-1.000000
47,2,826.907829,214.013206,21.587757,50.917963,-1.000000,-1.000000,-1.000000,-1.000000
48,2,825.081270,213.118538,22.598236,53.441947,-1.000000,-1.000000,-1.000000,-1.000000
49,2,824.856677,213.073239,22.714827,53.826677,-1.000000,-1.000000,-1.000000,-1.000000
50,2,823.042102,213.931006,21.820786,51.629589,-1.000000,-1.000000,-1.000000,-1.000000
1,3,1012.000000,191.000000,21.000000,50.000000,-1.000000,-1.000000,-1.000000,-1.000000
2,3,1009.679503,191.503297,20.956914,49.666027,-1.000000,-1.000000,-1.000000,-1.000000
3,3,1008.234389,191.721955,21.062654,49.795758,-1.000000,-1.000000,-1.000000,-1.000000
4,3,1004.463174,191.755603,21.159842,49.965891,-1.000000,-1.000000,-1.000000,-1.000000
5,3,1001.434684,191.335659,21.235147,50.114708,-1.000000,-1.000000,-1.000000,-1.000000
6,3,1000.027235,190.786002,21.291468,50.233650,-1.000000,-1.000000,-1.000000,-1.000000
7,3,997.676867,190.810808,21.212753,50.048630,-1.000000,-1.000000,-1.000000,-1.000000
8,3,997.725693,190.805978,21.276076,50.190633,-1.000000,-1.000000,-1.000000,-1.000000
9,3,998.188769,190.981563,21.267131,50.169558,-1.000000,-1.000000,-1.000000,-1.000000
10,3,1000.662774,191.102499,21.196116,50.005940,-1.000000,-1.000000,-1.000000,-1.000000
11,3,1002.924511,192.068035,20.715771,48.454255,-1.000000,-1.000000,-1.000000,-1.000000
12,3,1001.330221,191.084707,21.421096,50.283197,-1.000000,-1.000000,-1.000000,-1.000000
13,3,1001.450017,191.658208,21.195458,49.890807,-1.000000,-1.000000,-1.000000,-1.000000
14,3,1003.137034,192.761451,21.689602,50.579137,-1.000000,-1.000000,-1.000000,-1.000000
15,3,1003.583395,191.853413,21.317309,50.501490,-1.000000,-1.000000,-1.000000,-1.000000
16,3,1001.961321,190.710734,21.569272,51.085586,-1.000000,-1.000000,-1.000000,-1.000000
17,3,1003.639273,193.131821,21.282554,50.420921,-1.000000,-1.000000,-1.000000,-1.000000
18,3,1004.833411,192.431998,22.090101,52.676903,-1.000000,-1.000000,-1.000000,-1.000000
19,3,1005.087373,191.764840,22.626322,53.928084,-1.000000,-1.000000,-1.000000,-1.000000
20,3,1004.446950,191.336679,22.819583,54.379027,-1.000000,-1.000000,-1.000000,-1.000000
21,3,1004.293239,191.650256,21.109467,50.019674,-1.000000,-1.000000,-1.000000,-1.000000
22,3,1003.191606,191.020610,21.161376,50.140009,-1.000000,-1.000000,-1.000000,-1.000000
23,3,1000.808417,190.775058,21.169389,50.047051,-1.000000,-1.000000,-1.000000,-1.000000
24,3,999.509066,189.692891,21.395132,50.115036,-1.000000,-1.000000,-1.000000,-1.000000
25,3,996.440870,190.435490,21.161008,49.758826,-1.000000,-1.000000,-1.000000,-1.000000
26,3,993.166338,190.199050,21.092105,49.683748,-1.000000,-1.000000,-1.000000,-1.000000
27,3,992.499594,190.207584,21.124573,49.797280,-1.000000,-1.000000,-1.000000,-1.000000
28,3,992.620216,189.975259,21.059349,49.667222,-1.000000,-1.000000,-1.000000,-1.000000
29,3,992.276899,190.098467,21.224256,50.054335,-1.000000,-1.000000,-1.000000,-1.000000
30,3,991.776067,190.100202,21.244716,50.108589,-1.000000,-1.000000,-1.000000,-1.000000
31,3,991.680095,190.409902,21.125910,49.839579,-1.000000,-1.000000,-1.000000,-1.000000
32,3,991.583433,190.383902,21.180225,49.964040,-1.000000,-1.000000,-1.000000,-1.000000
33,3,989.290611,192.912979,21.159664,49.917668,-1.000000,-1.000000,-1.000000,-1.000000
34,3,989.400932,193.231516,21.183260,49.971920,-1.000000,-1.000000,-1.000000,-1.000000
35,3,989.293303,193.191493,21.354101,50.364940,-1.000000,-1.000000,-1.000000,-1.000000
36,3,989.096192,193.313065,21.237029,50.099437,-1.000000,-1.000000,-1.000000,-1.000000
37,3,988.253802,193.330933,21.302823,50.250105,-1.000000,-1.000000,-1.000000,-1.000000
38,3,987.996066,193.841259,21.121622,49.834724,-1.000000,-1.000000,-1.000000,-1.000000
39,3,984.988680,193.859750,21.099468,49.780835,-1.000000,-1.000000,-1.000000,-1.000000
40,3,983.606450,191.919679,22.002130,52.055290,-1.000000,-1.000000,-1.000000,-1.000000
41,3,984.244102,193.396849,20.790976,48.839433,-1.000000,-1.000000,-1.000000,-1.000000
42,3,981.615187,193.530098,21.260189,50.025595,-1.000000,-1.000000,-1.000000,-1.000000
43,3,982.175512,192.773405,21.116874,49.255275,-1.000000,-1.000000,-1.000000,-1.000000
44,3,978.582357,192.485163,22.100665,52.701552,-1.000000,-1.000000,-1.000000,-1.000000
45,3,978.160021,191.628754,22.664929,53.902351,-1.000000,-1.000000,-1.000000,-1.000000
46,3,978.849386,192.026073,22.488253,53.087515,-1.000000,-1.000000,-1.000000,-1.000000
47,3,978.243577,191.480834,22.780538,54.287922,-1.000000,-1.000000,-1.000000,-1.000000
48,3,977.696452,191.096424,23.148118,55.145610,-1.000000,-1.000000,-1.000000,-1.000000
49,3,977.502172,191.287171,23.119365,55.078518,-1.000000,-1.000000,-1.000000,-1.000000
50,3,976.340811,192.642797,22.232861,52.623904,-1.000000,-1.000000,-1.000000,-1.000000
1,4,1088.000000,159.000000,21.000000,50.000000,-1.000000,-1.000000,-1.000000,-1.000000
2,4,1087.588504,159.195027,21.128734,50.064338,-1.000000,-1.000000,-1.000000,-1.000000
3,4,1084.158814,159.822210,20.909413,49.446331,-1.000000,-1.000000,-1.000000,-1.000000
4,4,1080.644636,159.957980,21.012836,49.626147,-1.000000,-1.000000,-1.000000,-1.000000
5,4,1077.168345,159.769351,20.952949,49.462064,-1.000000,-1.000000,-1.000000,-1.000000
6,4,1075.664631,159.138880,21.064932,49.705558,-1.000000,-1.000000,-1.000000,-1.000000
7,4,1072.776837,158.961413,21.083872,49.744450,-1.000000,-1.000000,-1.000000,-1.000000
8,4,1072.808399,158.441140,21.672384,51.094839,-1.000000,-1.000000,-1.000000,-1.000000
9,4,1074.910091,158.097608,22.056515,51.987784,-1.000000,-1.000000,-1.000000,-1.000000
10,4,1075.571648,159.539169,20.994643,49.560035,-1.000000,-1.000000,-1.000000,-1.000000
11,4,1075.993792,158.941075,21.443428,50.577464,-1.000000,-1.000000,-1.000000,-1.000000
12,4,1076.615914,159.318491,21.268254,50.176443,-1.000000,-1.000000,-1.000000,-1.000000
13,4,1076.320728,159.520008,21.231907,50.090319,-1.000000,-1.000000,-1.000000,-1.000000
14,4,1076.827927,159.847575,21.125140,49.842992,-1.000000,-1.000000,-1.000000,-1.000000
15,4,1077.024805,159.729839,21.278539,50.192492,-1.000000,-1.000000,-1.000000,-1.000000
16,4,1077.454421,159.861452,21.113784,49.815368,-1.000000,-1.000000,-1.000000,-1.000000
17,4,1079.600779,160.757231,21.168318,49.489701,-1.000000,-1.000000,-1.000000,-1.000000
18,4,1081.421167,160.637421,21.079776,48.851974,-1.000000,-1.000000,-1.000000,-1.000000
19,4,1083.070531,159.325237,21.157124,50.130151,-1.000000,-1.000000,-1.000000,-1.000000
20,4,1081.607012,160.438900,21.180835,50.185118,-1.000000,-1.000000,-1.000000,-1.000000
21,4,1080.143493,161.552563,21.204547,50.240085,-1.000000,-1.000000,-1.000000,-1.000000
22,4,1078.102223,160.435309,21.195819,50.219853,-1.000000,-1.000000,-1.000000,-1.000000
23,4,1076.060954,159.318055,21.187092,50.199622,-1.000000,-1.000000,-1.000000,-1.000000
24,4,1073.441905,155.725608,22.112381,52.258661,-1.000000,-1.000000,-1.000000,-1.000000
25,4,1070.822857,152.133160,23.037670,54.317701,-1.000000,-1.000000,-1.000000,-1.000000
26,4,1080.654568,135.135091,24.102682,56.958489,-1.000000,-1.000000,-1.000000,-1.000000
27,4,1074.416251,147.079893,22.533469,53.320769,-1.000000,-1.000000,-1.000000,-1.000000
28,4,1068.177933,159.024696,20.964256,49.683048,-1.000000,-1.000000,-1.000000,-1.000000
29,4,1065.857922,149.286435,24.060876,56.678944,-1.000000,-1.000000,-1.000000,-1.000000
30,4,1066.524967,153.323837,22.794480,53.925841,-1.000000,-1.000000,-1.000000,-1.000000
31,4,1066.895624,155.513670,22.104492,52.326323,-1.000000,-1.000000,-1.000000,-1.000000
32,4,1067.046096,157.281520,21.584341,51.120517,-1.000000,-1.000000,-1.000000,-1.000000
33,4,1067.129102,158.228297,21.361897,50.604853,-1.000000,-1.000000,-1.000000,-1.000000
34,4,1067.813669,158.475484,21.468028,50.850883,-1.000000,-1.000000,-1.000000,-1.000000
35,4,1067.938815,158.588214,21.403306,50.594337,-1.000000,-1.000000,-1.000000,-1.000000
36,4,1067.518957,158.657957,21.352039,50.421966,-1.000000,-1.000000,-1.000000,-1.000000
37,4,1065.808428,158.818114,21.438914,50.178312,-1.000000,-1.000000,-1.000000,-1.000000
38,4,1063.646872,159.388979,21.364136,49.579948,-1.000000,-1.000000,-1.000000,-1.000000
39,4,1061.145064,161.168611,21.331808,49.919305,-1.000000,-1.000000,-1.000000,-1.000000
40,4,1060.608794,159.795852,21.379189,49.595872,-1.000000,-1.000000,-1.000000,-1.000000
41,4,1057.890420,161.071800,21.144197,50.100183,-1.000000,-1.000000,-1.000000,-1.000000
42,4,1057.083973,159.139380,21.116946,50.037011,-1.000000,-1.000000,-1.000000,-1.000000
43,4,1055.703307,158.976597,21.074933,49.939617,-1.000000,-1.000000,-1.000000,-1.000000
44,4,1053.087008,158.950191,20.978662,49.716444,-1.000000,-1.000000,-1.000000,-1.000000
45,4,1048.000000,134.000000,32.000000,77.000000,-1.000000,-1.000000,-1.000000,-1.000000
46,4,1052.028000,160.964442,20.893783,49.519679,-1.000000,-1.000000,-1.000000,-1.000000
47,4,1051.856917,158.859844,20.928341,49.599790,-1.000000,-1.000000,-1.000000,-1.000000
48,4,1049.247913,145.634397,27.645619,66.076501,-1.000000,-1.000000,-1.000000,-1.000000
49,4,1046.638908,132.408950,34.362897,82.553211,-1.000000,-1.000000,-1.000000,-1.000000
50,4,1046.792748,133.140935,33.148685,79.714103,-1.000000,-1.000000,-1.000000,-1.000000
1,5,1108.000000,139.000000,21.000000,50.000000,-1.000000,-1.000000,-1.000000,-1.000000
2,5,1107.362430,139.315110,21.142737,50.096800,-1.000000,-1.000000,-1.000000,-1.000000
3,5,1101.737224,139.691142,21.202422,50.122822,-1.000000,-1.000000,-1.000000,-1.000000
4,5,1102.223140,141.569872,21.275518,50.237500,-1.000000,-1.000000,-1.000000,-1.000000
5,5,1096.894103,139.193434,21.276005,50.213633,-1.000000,-1.000000,-1.000000,-1.000000
6,5,1094.871053,138.478934,21.689553,50.718911,-1.000000,-1.000000,-1.000000,-1.000000
7,5,1090.147843,136.333227,21.614933,50.766537,-1.000000,-1.000000,-1.000000,-1.000000
8,5,1094.946936,138.849954,21.259993,50.368621,-1.000000,-1.000000,-1.000000,-1.000000
9,5,1095.879580,138.911751,21.340061,50.443308,-1.000000,-1.000000,-1.000000,-1.000000
10,5,1095.998928,138.696802,21.581197,50.945788,-1.000000,-1.000000,-1.000000,-1.000000
11,5,1094.638214,138.630492,22.688154,53.670111,-1.000000,-1.000000,-1.000000,-1.000000
12,5,1096.725366,138.609273,21.671877,51.239263,-1.000000,-1.000000,-1.000000,-1.000000
13,5,1096.722425,141.201735,21.648205,51.122394,-1.000000,-1.000000,-1.000000,-1.000000
14,5,1096.571651,139.564142,21.653323,51.102520,-1.000000,-1.000000,-1.000000,-1.000000
15,5,1100.651867,141.338157,21.799280,51.422471,-1.000000,-1.000000,-1.000000,-1.000000
16,5,1098.813719,141.523636,21.605782,50.972419,-1.000000,-1.000000,-1.000000,-1.000000
17,5,1097.643205,139.090179,21.771900,51.348062,-1.000000,-1.000000,-1.000000,-1.000000
18,5,1100.183519,141.139501,21.745130,51.286548,-1.000000,-1.000000,-1.000000,-1.000000
19,5,1100.672968,138.887918,21.756442,51.312053,-1.000000,-1.000000,-1.000000,-1.000000
20,5,1100.427084,139.143658,21.626497,51.013301,-1.000000,-1.000000,-1.000000,-1.000000
21,5,1099.574235,141.206489,21.619374,50.994420,-1.000000,-1.000000,-1.000000,-1.000000
22,5,1098.752836,141.148207,21.664451,51.096648,-1.000000,-1.000000,-1.000000,-1.000000
23,5,1095.843494,139.100685,21.507571,50.736209,-1.000000,-1.000000,-1.000000,-1.000000
24,5,1094.809420,138.728643,21.708273,51.194624,-1.000000,-1.000000,-1.000000,-1.000000
25,5,1089.321270,138.635565,21.573955,50.888274,-1.000000,-1.000000,-1.000000,-1.000000
26,5,1089.941955,137.951170,21.666230,51.098991,-1.000000,-1.000000,-1.000000,-1.000000
27,5,1085.075746,138.129525,21.957135,51.768716,-1.000000,-1.000000,-1.000000,-1.000000
28,5,1086.748201,137.647022,22.182631,52.293154,-1.000000,-1.000000,-1.000000,-1.000000
29,5,1084.430382,138.591136,21.747788,51.300971,-1.000000,-1.000000,-1.000000,-1.000000
30,5,1084.114768,138.264052,21.998022,51.871719,-1.000000,-1.000000,-1.000000,-1.000000
31,5,1084.005481,138.212693,22.058284,52.012724,-1.000000,-1.000000,-1.000000,-1.000000
32,5,1085.862777,139.200106,21.451681,50.620509,-1.000000,-1.000000,-1.000000,-1.000000
33,5,1083.242606,139.861330,21.684187,50.716242,-1.000000,-1.000000,-1.000000,-1.000000
34,5,1085.861757,139.603681,21.456809,50.410705,-1.000000,-1.000000,-1.000000,-1.000000
35,5,1081.801302,139.498507,21.523358,50.664357,-1.000000,-1.000000,-1.000000,-1.000000
36,5,1083.025926,141.443885,21.542969,50.761037,-1.000000,-1.000000,-1.000000,-1.000000
37,5,1080.090876,139.604816,21.512792,50.717874,-1.000000,-1.000000,-1.000000,-1.000000
38,5,1079.457287,141.510169,21.568690,50.858708,-1.000000,-1.000000,-1.000000,-1.000000
39,5,1075.332147,139.538950,22.633453,53.514788,-1.000000,-1.000000,-1.000000,-1.000000
40,5,1075.517971,141.284461,21.715604,51.325088,-1.000000,-1.000000,-1.000000,-1.000000
41,5,1074.786624,141.379690,21.746801,51.342898,-1.000000,-1.000000,-1.000000,-1.000000
42,5,1074.328369,141.514201,21.879278,51.621163,-1.000000,-1.000000,-1.000000,-1.000000
43,5,1073.468583,141.120276,21.845912,51.533524,-1.000000,-1.000000,-1.000000,-1.000000
44,5,1070.627153,141.304388,21.872874,51.589380,-1.000000,-1.000000,-1.000000,-1.000000
45,5,1068.035481,139.185926,21.926471,51.710022,-1.000000,-1.000000,-1.000000,-1.000000
46,5,1066.016781,138.758906,23.036530,54.462770,-1.000000,-1.000000,-1.000000,-1.000000
47,5,1067.748597,139.055230,21.673885,51.245221,-1.000000,-1.000000,-1.000000,-1.000000
48,5,1067.521587,138.666343,21.812831,51.502431,-1.000000,-1.000000,-1.000000,-1.000000
49,5,1067.005303,138.621201,21.814285,51.476702,-1.000000,-1.000000,-1.000000,-1.000000
50,5,1066.378692,139.037733,21.641536,51.064716,-1.000000,-1.000000,-1.000000,-1.000000
1,6,1065.000000,152.000000,23.000000,55.000000,-1.000000,-1.000000,-1.000000,-1.000000
2,6,1064.441431,152.240489,22.968144,54.725669,-1.000000,-1.000000,-1.000000,-1.000000
3,6,1060.942855,152.558659,22.956308,54.600169,-1.000000,-1.000000,-1.000000,-1.000000
4,6,1060.980655,153.915067,22.060993,52.295231,-1.000000,-1.000000,-1.000000,-1.000000
5,6,1057.596273,153.783463,21.937256,51.876260,-1.000000,-1.000000,-1.000000,-1.000000
6,6,1054.464288,151.283660,21.794407,51.477142,-1.000000,-1.000000,-1.000000,-1.000000
7,6,1051.957094,151.198439,21.817679,51.492799,-1.000000,-1.000000,-1.000000,-1.000000
8,6,1052.009577,151.908181,22.799593,53.932516,-1.000000,-1.000000,-1.000000,-1.000000
9,6,1054.367351,151.994789,21.658095,51.212087,-1.000000,-1.000000,-1.000000,-1.000000
10,6,1055.303780,152.164556,22.780576,53.929448,-1.000000,-1.000000,-1.000000,-1.000000
11,6,1055.886193,152.657247,22.539684,53.457707,-1.000000,-1.000000,-1.000000,-1.000000
12,6,1056.351170,152.832452,22.506625,53.417008,-1.000000,-1.000000,-1.000000,-1.000000
13,6,1055.722998,154.426365,21.707341,51.398076,-1.000000,-1.000000,-1.000000,-1.000000
14,6,1058.030201,154.492119,21.855731,51.640444,-1.000000,-1.000000,-1.000000,-1.000000
15,6,1058.975298,154.804663,22.837472,54.050702,-1.000000,-1.000000,-1.000000,-1.000000
16,6,1057.720989,152.981421,22.723329,53.878120,-1.000000,-1.000000,-1.000000,-1.000000
17,6,1060.531012,152.953741,22.775272,54.039903,-1.000000,-1.000000,-1.000000,-1.000000
18,6,1063.173484,153.040139,22.780232,54.072473,-1.000000,-1.000000,-1.000000,-1.000000
19,6,1064.377475,152.563058,22.934860,54.440850,-1.000000,-1.000000,-1.000000,-1.000000
20,6,1061.892986,152.365022,23.023541,54.654242,-1.000000,-1.000000,-1.000000,-1.000000
21,6,1060.322045,153.635700,22.248454,52.680892,-1.000000,-1.000000,-1.000000,-1.000000
22,6,1060.238642,152.139273,23.060594,54.640858,-1.000000,-1.000000,-1.000000,-1.000000
23,6,1056.599497,153.269684,22.378465,52.932988,-1.000000,-1.000000,-1.000000,-1.000000
24,6,1056.225796,151.677436,23.232331,55.015361,-1.000000,-1.000000,-1.000000,-1.000000
25,6,1052.655217,151.357652,23.211161,55.292709,-1.000000,-1.000000,-1.000000,-1.000000
26,6,1048.959647,151.493179,23.172506,55.108531,-1.000000,-1.000000,-1.000000,-1.000000
27,6,1050.686758,151.553192,23.144034,54.995371,-1.000000,-1.000000,-1.000000,-1.000000
28,6,1048.109512,151.548078,23.124612,54.926681,-1.000000,-1.000000,-1.000000,-1.000000
29,6,1050.179370,151.779600,23.134200,54.936944,-1.000000,-1.000000,-1.000000,-1.000000
30,6,1049.857247,153.623009,22.000239,52.120774,-1.000000,-1.000000,-1.000000,-1.000000
31,6,1049.616482,153.355865,22.282385,52.654972,-1.000000,-1.000000,-1.000000,-1.000000
32,6,1049.212406,153.559356,22.281798,52.598640,-1.000000,-1.000000,-1.000000,-1.000000
33,6,1046.973681,154.452205,23.099977,54.651766,-1.000000,-1.000000,-1.000000,-1.000000
34,6,1046.893908,152.938259,23.091302,54.730448,-1.000000,-1.000000,-1.000000,-1.000000
35,6,1047.031387,152.659577,23.336803,55.346517,-1.000000,-1.000000,-1.000000,-1.000000
36,6,1045.652084,151.880304,24.375652,57.465015,-1.000000,-1.000000,-1.000000,-1.000000
37,6,1043.661853,152.112351,23.613970,55.897563,-1.000000,-1.000000,-1.000000,-1.000000
38,6,1043.127561,152.298328,23.426904,55.544334,-1.000000,-1.000000,-1.000000,-1.000000
39,6,1040.001314,152.443739,23.215472,55.090627,-1.000000,-1.000000,-1.000000,-1.000000
40,6,1039.530223,154.642151,23.018362,54.647561,-1.000000,-1.000000,-1.000000,-1.000000
41,6,1037.631121,151.633377,24.500329,57.767001,-1.000000,-1.000000,-1.000000,-1.000000
42,6,1039.066603,151.768993,24.577275,57.822513,-1.000000,-1.000000,-1.000000,-1.000000
43,6,1035.473165,152.077011,23.717713,56.088434,-1.000000,-1.000000,-1.000000,-1.000000
44,6,1035.271336,152.278787,23.499161,55.689195,-1.000000,-1.000000,-1.000000,-1.000000
45,6,1034.544845,154.294488,23.587877,55.942839,-1.000000,-1.000000,-1.000000,-1.000000
46,6,1037.005402,154.442233,23.560252,55.904750,-1.000000,-1.000000,-1.000000,-1.000000
47,6,1035.216714,152.309675,23.554132,55.902965,-1.000000,-1.000000,-1.000000,-1.000000
48,6,1037.205772,154.515492,23.335784,55.403026,-1.000000,-1.000000,-1.000000,-1.000000
49,6,1035.502069,153.772720,22.665576,53.666169,-1.000000,-1.000000,-1.000000,-1.000000
50,6,1035.173423,153.702325,22.360355,52.852315,-1.000000,-1.000000,-1.000000,-1.000000
1,7,889.000000,189.000000,25.000000,59.000000,-1.000000,-1.000000,-1.000000,-1.000000
2,7,888.454096,189.277927,25.028346,58.911568,-1.000000,-1.000000,-1.000000,-1.000000
3,7,884.229417,189.250280,25.048336,58.882791,-1.000000,-1.000000,-1.000000,-1.000000
4,7,882.671265,190.307886,23.022607,54.287376,-1.000000,-1.000000,-1.000000,-1.000000
5,7,879.221552,188.837826,24.819394,58.313478,-1.000000,-1.000000,-1.000000,-1.000000
6,7,876.619246,189.568642,24.192130,57.151213,-1.000000,-1.000000,-1.000000,-1.000000
7,7,874.188940,188.703644,24.817285,58.416689,-1.000000,-1.000000,-1.000000,-1.000000
8,7,874.266003,189.338525,24.672333,58.008918,-1.000000,-1.000000,-1.000000,-1.000000
9,7,874.320803,189.071544,25.130484,59.023431,-1.000000,-1.000000,-1.000000,-1.000000
10,7,876.237637,190.609245,23.833453,56.330944,-1.000000,-1.000000,-1.000000,-1.000000
11,7,873.330409,189.894712,24.174528,57.238396,-1.000000,-1.000000,-1.000000,-1.000000
12,7,875.916774,190.283555,24.036644,56.987413,-1.000000,-1.000000,-1.000000,-1.000000
13,7,876.149388,190.136395,24.525543,58.151712,-1.000000,-1.000000,-1.000000,-1.000000
14,7,873.879057,189.405761,25.486047,60.086195,-1.000000,-1.000000,-1.000000,-1.000000
15,7,873.448836,190.489624,24.563824,58.138851,-1.000000,-1.000000,-1.000000,-1.000000
16,7,873.527660,190.105578,24.522864,58.119664,-1.000000,-1.000000,-1.000000,-1.000000
17,7,875.457316,190.056760,23.710279,56.092179,-1.000000,-1.000000,-1.000000,-1.000000
18,7,877.810031,189.547268,23.630864,55.814139,-1.000000,-1.000000,-1.000000,-1.000000
19,7,877.286501,190.013549,24.691378,58.401000,-1.000000,-1.000000,-1.000000,-1.000000
20,7,877.028820,190.338680,24.521602,58.102235,-1.000000,-1.000000,-1.000000,-1.000000
21,7,874.630643,189.275662,25.407421,59.883174,-1.000000,-1.000000,-1.000000,-1.000000
22,7,874.012042,190.520171,23.346604,55.125626,-1.000000,-1.000000,-1.000000,-1.000000
23,7,871.997496,190.157080,24.022604,56.835765,-1.000000,-1.000000,-1.000000,-1.000000
24,7,870.679210,190.280914,23.140940,54.699485,-1.000000,-1.000000,-1.000000,-1.000000
25,7,867.156284,190.067486,23.011192,54.330766,-1.000000,-1.000000,-1.000000,-1.000000
26,7,863.801858,190.269973,22.699697,53.573754,-1.000000,-1.000000,-1.000000,-1.000000
27,7,863.198070,190.102479,23.777247,56.225837,-1.000000,-1.000000,-1.000000,-1.000000
28,7,862.652742,190.117304,23.130867,54.649290,-1.000000,-1.000000,-1.000000,-1.000000
29,7,860.259201,190.494414,23.757290,56.230838,-1.000000,-1.000000,-1.000000,-1.000000
30,7,859.511722,190.059843,24.449567,57.912129,-1.000000,-1.000000,-1.000000,-1.000000
31,7,859.338026,190.523074,24.142189,57.255804,-1.000000,-1.000000,-1.000000,-1.000000
32,7,857.083485,189.363839,29.244581,69.673871,-1.000000,-1.000000,-1.000000,-1.000000
33,7,857.053589,190.777714,29.192182,69.915714,-1.000000,-1.000000,-1.000000,-1.000000
34,7,857.283584,190.581448,29.191456,70.075195,-1.000000,-1.000000,-1.000000,-1.000000
35,7,858.632946,191.638910,24.470116,58.625883,-1.000000,-1.000000,-1.000000,-1.000000
36,7,855.673625,189.462443,24.104309,57.344751,-1.000000,-1.000000,-1.000000,-1.000000
37,7,854.889026,190.175080,24.835303,58.978692,-1.000000,-1.000000,-1.000000,-1.000000
38,7,851.318239,190.645956,24.703766,58.653405,-1.000000,-1.000000,-1.000000,-1.000000
39,7,850.508512,192.265757,25.620240,60.446619,-1.000000,-1.000000,-1.000000,-1.000000
40,7,849.431145,190.441912,25.318802,59.909539,-1.000000,-1.000000,-1.000000,-1.000000
41,7,848.830493,196.010468,24.447496,57.971938,-1.000000,-1.000000,-1.000000,-1.000000
42,7,846.665864,193.121145,23.636444,55.933781,-1.000000,-1.000000,-1.000000,-1.000000
43,7,843.283869,191.100250,25.865348,60.722624,-1.000000,-1.000000,-1.000000,-1.000000
44,7,842.219334,192.770752,24.102994,56.766974,-1.000000,-1.000000,-1.000000,-1.000000
45,7,840.518276,190.960312,26.233834,61.332045,-1.000000,-1.000000,-1.000000,-1.000000
46,7,843.785106,194.878662,24.677500,58.714166,-1.000000,-1.000000,-1.000000,-1.000000
47,7,845.795092,201.224810,23.004348,54.412352,-1.000000,-1.000000,-1.000000,-1.000000
48,7,846.485080,204.111383,22.025477,52.143150,-1.000000,-1.000000,-1.000000,-1.000000
49,7,843.384895,198.632804,22.561489,53.385725,-1.000000,-1.000000,-1.000000,-1.000000
50,7,840.284711,193.154225,23.097501,54.628299,-1.000000,-1.000000,-1.000000,-1.000000
1,8,899.000000,251.000000,25.000000,59.000000,-1.000000,-1.000000,-1.000000,-1.000000
2,8,897.872112,251.865945,24.814006,58.263092,-1.000000,-1.000000,-1.000000,-1.000000
3,8,894.193004,251.563887,25.105855,58.934037,-1.000000,-1.000000,-1.000000,-1.000000
4,8,891.262906,252.801545,24.934497,58.243724,-1.000000,-1.000000,-1.000000,-1.000000
5,8,888.430049,251.493595,25.127005,58.838321,-1.000000,-1.000000,-1.000000,-1.000000
6,8,885.003206,252.465980,25.017081,58.293584,-1.000000,-1.000000,-1.000000,-1.000000
7,8,875.000000,227.000000,35.000000,84.000000,-1.000000,-1.000000,-1.000000,-1.000000
8,8,874.890781,226.935528,34.946390,83.901199,-1.000000,-1.000000,-1.000000,-1.000000
9,8,875.147073,227.482639,34.770223,83.485249,-1.000000,-1.000000,-1.000000,-1.000000
10,8,876.960413,229.100055,34.053200,81.805834,-1.000000,-1.000000,-1.000000,-1.000000
11,8,878.773754,230.717472,33.336177,80.126418,-1.000000,-1.000000,-1.000000,-1.000000
12,8,879.831974,228.906865,36.041695,85.234440,-1.000000,-1.000000,-1.000000,-1.000000
13,8,883.147151,240.438694,31.305306,74.670034,-1.000000,-1.000000,-1.000000,-1.000000
14,8,881.131891,227.450633,35.271668,84.257884,-1.000000,-1.000000,-1.000000,-1.000000
15,8,881.252805,231.722901,35.045032,83.950724,-1.000000,-1.000000,-1.000000,-1.000000
16,8,880.279723,229.002474,35.184702,84.338948,-1.000000,-1.000000,-1.000000,-1.000000
17,8,884.222955,241.144613,32.751058,78.075718,-1.000000,-1.000000,-1.000000,-1.000000
18,8,884.258674,229.788523,35.728441,85.026477,-1.000000,-1.000000,-1.000000,-1.000000
19,8,887.647305,246.805721,32.124284,77.261944,-1.000000,-1.000000,-1.000000,-1.000000
20,8,888.189059,249.673083,31.909378,76.753984,-1.000000,-1.000000,-1.000000,-1.000000
21,8,887.578336,251.587319,31.782132,76.453221,-1.000000,-1.000000,-1.000000,-1.000000
22,8,885.759958,251.709781,29.368511,70.454348,-1.000000,-1.000000,-1.000000,-1.000000
23,8,882.508537,252.012262,29.886711,70.675588,-1.000000,-1.000000,-1.000000,-1.000000
24,8,880.928061,252.542584,29.740961,70.337070,-1.000000,-1.000000,-1.000000,-1.000000
25,8,878.077269,252.557631,29.778230,70.423631,-1.000000,-1.000000,-1.000000,-1.000000
26,8,875.226478,252.572678,29.815500,70.510193,-1.000000,-1.000000,-1.000000,-1.000000
27,8,875.134986,252.472643,30.243894,72.170074,-1.000000,-1.000000,-1.000000,-1.000000
28,8,875.043495,252.372608,30.672288,73.829954,-1.000000,-1.000000,-1.000000,-1.000000
29,8,874.573095,251.868719,30.704671,73.790996,-1.000000,-1.000000,-1.000000,-1.000000
30,8,874.533921,251.883988,30.744719,73.772995,-1.000000,-1.000000,-1.000000,-1.000000
31,8,873.136419,247.610176,31.273629,75.080186,-1.000000,-1.000000,-1.000000,-1.000000
32,8,871.738917,243.336364,31.802539,76.387376,-1.000000,-1.000000,-1.000000,-1.000000
33,8,870.341414,239.062552,32.331449,77.694567,-1.000000,-1.000000,-1.000000,-1.000000
34,8,868.943912,234.788739,32.860359,79.001757,-1.000000,-1.000000,-1.000000,-1.000000
35,8,867.054907,234.584331,35.895006,84.893389,-1.000000,-1.000000,-1.000000,-1.000000
36,8,867.755308,240.950776,34.294200,81.536723,-1.000000,-1.000000,-1.000000,-1.000000
37,8,868.455708,247.317221,32.693395,78.180058,-1.000000,-1.000000,-1.000000,-1.000000
38,8,869.156109,253.683667,31.092589,74.823393,-1.000000,-1.000000,-1.000000,-1.000000
39,8,858.840457,234.812400,37.263938,88.076156,-1.000000,-1.000000,-1.000000,-1.000000
40,8,857.059032,234.727257,37.362577,88.305492,-1.000000,-1.000000,-1.000000,-1.000000
41,8,855.277607,234.642114,37.461216,88.534828,-1.000000,-1.000000,-1.000000,-1.000000
42,8,853.496182,234.556971,37.559856,88.764164,-1.000000,-1.000000,-1.000000,-1.000000
43,8,851.714757,234.471828,37.658495,88.993501,-1.000000,-1.000000,-1.000000,-1.000000
44,8,849.933332,234.386685,37.757134,89.222837,-1.000000,-1.000000,-1.000000,-1.000000
45,8,853.110365,243.348453,34.691926,82.764842,-1.000000,-1.000000,-1.000000,-1.000000
46,8,849.525407,233.887214,38.035370,90.198419,-1.000000,-1.000000,-1.000000,-1.000000
47,8,852.792857,243.362126,34.689994,82.925462,-1.000000,-1.000000,-1.000000,-1.000000
48,8,847.825690,234.020280,36.181842,86.629961,-1.000000,-1.000000,-1.000000,-1.000000
49,8,846.835729,233.311339,37.436589,89.690846,-1.000000,-1.000000,-1.000000,-1.000000
50,8,845.734877,234.265245,36.741252,88.202225,-1.000000,-1.000000,-1.000000,-1.000000
1,9,1094.000000,70.000000,25.000000,59.000000,-1.000000,-1.000000,-1.000000,-1.000000
2,9,1092.339654,71.664042,24.022348,56.897726,-1.000000,-1.000000,-1.000000,-1.000000
3,9,1089.457222,72.980377,24.902631,58.680192,-1.000000,-1.000000,-1.000000,-1.000000
4,9,1087.148685,72.662995,23.235886,54.841077,-1.000000,-1.000000,-1.000000,-1.000000
5,9,1084.411769,70.059301,24.769475,58.001187,-1.000000,-1.000000,-1.000000,-1.000000
6,9,1082.530451,70.948558,24.098058,56.835896,-1.000000,-1.000000,-1.000000,-1.000000
7,9,1080.621289,69.743462,24.566763,57.788582,-1.000000,-1.000000,-1.000000,-1.000000
8,9,1081.059857,70.134030,24.483085,57.543981,-1.000000,-1.000000,-1.000000,-1.000000
9,9,1081.610482,69.845328,24.691248,57.995630,-1.000000,-1.000000,-1.000000,-1.000000
10,9,1082.019891,69.334887,25.127022,58.987462,-1.000000,-1.000000,-1.000000,-1.000000
11,9,1084.729851,69.861653,24.833969,58.318603,-1.000000,-1.000000,-1.000000,-1.000000
12,9,1084.485497,71.624891,23.703583,56.015548,-1.000000,-1.000000,-1.000000,-1.000000
13,9,1086.592242,71.151263,23.984441,56.789058,-1.000000,-1.000000,-1.000000,-1.000000
14,9,1085.087161,71.318565,23.976945,56.840772,-1.000000,-1.000000,-1.000000,-1.000000
15,9,1087.407155,71.434714,23.831445,56.538753,-1.000000,-1.000000,-1.000000,-1.000000
16,9,1085.663398,71.490323,23.832679,56.556441,-1.000000,-1.000000,-1.000000,-1.000000
17,9,1089.928322,68.495743,25.572089,60.229495,-1.000000,-1.000000,-1.000000,-1.000000
18,9,1091.338018,70.042907,24.293359,57.332842,-1.000000,-1.000000,-1.000000,-1.000000
19,9,1092.747715,71.590071,23.014630,54.436188,-1.000000,-1.000000,-1.000000,-1.000000
20,9,1094.310744,70.728083,21.967194,52.008041,-1.000000,-1.000000,-1.000000,-1.000000
26,9,1078.418125,65.439389,25.359522,59.675820,-1.000000,-1.000000,-1.000000,-1.000000
27,9,1077.117623,65.374815,25.316986,59.577660,-1.000000,-1.000000,-1.000000,-1.000000
28,9,1075.817122,65.310240,25.274450,59.479500,-1.000000,-1.000000,-1.000000,-1.000000
29,9,1074.516621,65.245666,25.231914,59.381340,-1.000000,-1.000000,-1.000000,-1.000000
30,9,1073.216120,65.181091,25.189378,59.283180,-1.000000,-1.000000,-1.000000,-1.000000
31,9,1072.423154,63.155948,25.941628,62.376695,-1.000000,-1.000000,-1.000000,-1.000000
32,9,1071.972119,62.921088,26.078631,62.699630,-1.000000,-1.000000,-1.000000,-1.000000
33,9,1072.583055,64.892989,25.175111,60.233337,-1.000000,-1.000000,-1.000000,-1.000000
34,9,1073.193991,66.864891,24.271590,57.767044,-1.000000,-1.000000,-1.000000,-1.000000
35,9,1068.246991,64.431649,25.760553,60.601275,-1.000000,-1.000000,-1.000000,-1.000000
36,9,1067.532163,72.324846,23.465106,55.480472,-1.000000,-1.000000,-1.000000,-1.000000
37,9,1065.997712,58.612272,28.762662,69.316292,-1.000000,-1.000000,-1.000000,-1.000000
38,9,1060.729558,57.226060,29.363631,69.460691,-1.000000,-1.000000,-1.000000,-1.000000
39,9,1062.227563,62.431599,27.941475,67.090620,-1.000000,-1.000000,-1.000000,-1.000000
40,9,1058.609013,61.767324,29.018979,68.660209,-1.000000,-1.000000,-1.000000,-1.000000
41,9,1056.026354,57.714375,30.530175,72.798338,-1.000000,-1.000000,-1.000000,-1.000000
42,9,1054.055867,58.200205,29.405150,69.831136,-1.000000,-1.000000,-1.000000,-1.000000
43,9,1053.470344,60.891483,28.102575,67.108081,-1.000000,-1.000000,-1.000000,-1.000000
44,9,1052.598801,62.246443,27.323184,64.757922,-1.000000,-1.000000,-1.000000,-1.000000
45,9,1052.764315,64.765671,27.168884,64.104723,-1.000000,-1.000000,-1.000000,-1.000000
46,9,1051.704777,67.838358,25.195225,59.922191,-1.000000,-1.000000,-1.000000,-1.000000
47,9,1051.219928,70.996418,23.320773,55.145882,-1.000000,-1.000000,-1.000000,-1.000000
48,9,1050.756908,58.208968,29.749381,71.648537,-1.000000,-1.000000,-1.000000,-1.000000
49,9,1050.419235,57.999466,27.631919,64.919813,-1.000000,-1.000000,-1.000000,-1.000000
50,9,1048.872084,64.672300,24.299138,57.319351,-1.000000,-1.000000,-1.000000,-1.000000
1,10,499.000000,23.000000,32.000000,77.000000,-1.000000,-1.000000,-1.000000,-1.000000
2,10,500.298213,24.364025,29.389882,70.707903,-1.000000,-1.000000,-1.000000,-1.000000
3,10,496.288394,23.636915,31.986056,76.669363,-1.000000,-1.000000,-1.000000,-1.000000
4,10,492.976237,22.984447,32.073233,76.993473,-1.000000,-1.000000,-1.000000,-1.000000
5,10,491.950020,22.546475,32.024935,76.940033,-1.000000,-1.000000,-1.000000,-1.000000
6,10,487.938547,19.228456,31.877693,76.621426,-1.000000,-1.000000,-1.000000,-1.000000
7,10,488.211156,21.807116,31.236207,75.039709,-1.000000,-1.000000,-1.000000,-1.000000
8,10,488.116216,21.231937,31.891796,76.494629,-1.000000,-1.000000,-1.000000,-1.000000
9,10,489.238495,21.493384,31.501131,75.199921,-1.000000,-1.000000,-1.000000,-1.000000
10,10,490.360773,21.754831,31.110466,73.905213,-1.000000,-1.000000,-1.000000,-1.000000
11,10,491.483052,22.016279,30.719801,72.610505,-1.000000,-1.000000,-1.000000,-1.000000
12,10,491.921698,18.196703,35.529257,84.043022,-1.000000,-1.000000,-1.000000,-1.000000
13,10,492.998236,20.684817,33.438229,80.367632,-1.000000,-1.000000,-1.000000,-1.000000
14,10,493.198439,21.075485,32.656704,78.520392,-1.000000,-1.000000,-1.000000,-1.000000
15,10,493.647517,21.844391,32.382046,77.871199,-1.000000,-1.000000,-1.000000,-1.000000
16,10,493.823442,21.237808,32.678827,78.572683,-1.000000,-1.000000,-1.000000,-1.000000
17,10,496.322499,20.381742,31.352476,74.079945,-1.000000,-1.000000,-1.000000,-1.000000
18,10,498.744484,21.588838,31.328062,75.379965,-1.000000,-1.000000,-1.000000,-1.000000
19,10,499.378904,21.386021,32.591382,78.365995,-1.000000,-1.000000,-1.000000,-1.000000
20,10,499.198461,22.086393,32.231436,77.511222,-1.000000,-1.000000,-1.000000,-1.000000
21,10,498.707377,21.756791,32.307932,77.682709,-1.000000,-1.000000,-1.000000,-1.000000
22,10,497.914443,21.781863,32.326728,77.724014,-1.000000,-1.000000,-1.000000,-1.000000
23,10,497.188991,18.455794,32.342739,77.760665,-1.000000,-1.000000,-1.000000,-1.000000
24,10,495.495614,20.333099,31.259615,74.564045,-1.000000,-1.000000,-1.000000,-1.000000
25,10,492.257302,17.986764,32.511758,77.806394,-1.000000,-1.000000,-1.000000,-1.000000
26,10,490.387736,19.941759,31.272012,74.422053,-1.000000,-1.000000,-1.000000,-1.000000
27,10,490.961220,17.216923,32.574518,77.864377,-1.000000,-1.000000,-1.000000,-1.000000
28,10,490.975664,17.574706,32.338169,77.534509,-1.000000,-1.000000,-1.000000,-1.000000
29,10,490.900022,17.544782,32.308946,77.573333,-1.000000,-1.000000,-1.000000,-1.000000
30,10,490.717330,17.409071,32.333973,77.685409,-1.000000,-1.000000,-1.000000,-1.000000
31,10,490.785830,17.575946,32.242529,77.496477,-1.000000,-1.000000,-1.000000,-1.000000
32,10,489.576289,19.759882,31.299411,74.642375,-1.000000,-1.000000,-1.000000,-1.000000
33,10,489.588452,19.907852,31.467808,74.696507,-1.000000,-1.000000,-1.000000,-1.000000
34,10,487.682442,18.097440,32.531421,77.672699,-1.000000,-1.000000,-1.000000,-1.000000
35,10,489.708718,20.147047,31.355436,74.529354,-1.000000,-1.000000,-1.000000,-1.000000
36,10,490.439752,17.804755,32.519299,77.691462,-1.000000,-1.000000,-1.000000,-1.000000
37,10,489.076598,20.138054,31.327907,74.487914,-1.000000,-1.000000,-1.000000,-1.000000
38,10,486.373094,17.672175,32.482292,77.616366,-1.000000,-1.000000,-1.000000,-1.000000
39,10,485.863364,18.076444,32.355448,77.557701,-1.000000,-1.000000,-1.000000,-1.000000
40,10,483.641422,15.513880,33.904658,81.290382,-1.000000,-1.000000,-1.000000,-1.000000
41,10,484.775172,17.739672,32.482304,78.044037,-1.000000,-1.000000,-1.000000,-1.000000
42,10,483.407391,19.671882,31.475976,75.054700,-1.000000,-1.000000,-1.000000,-1.000000
43,10,480.536665,17.808828,32.952389,78.437977,-1.000000,-1.000000,-1.000000,-1.000000
44,10,482.410439,19.516009,31.490449,74.744479,-1.000000,-1.000000,-1.000000,-1.000000
45,10,479.296452,16.902001,33.201604,78.664793,-1.000000,-1.000000,-1.000000,-1.000000
46,10,482.343149,8.367393,38.540988,89.293802,-1.000000,-1.000000,-1.000000,-1.000000
47,10,481.116906,20.717287,31.437994,75.639804,-1.000000,-1.000000,-1.000000,-1.000000
48,10,480.568175,15.922469,29.712388,71.264914,-1.000000,-1.000000,-1.000000,-1.000000
49,10,481.093922,17.606814,31.450360,75.669032,-1.000000,-1.000000,-1.000000,-1.000000
50,10,480.822164,17.799846,29.196645,70.049234,-1.000000,-1.000000,-1.000000,-1.000000
4,11,984.000000,195.000000,21.000000,50.000000,-1.000000,-1.000000,-1.000000,-1.000000
5,11,981.449240,193.840888,21.565333,50.842364,-1.000000,-1.000000,-1.000000,-1.000000
6,11,979.630784,192.120812,21.365130,50.393938,-1.000000,-1.000000,-1.000000,-1.000000
7,11,979.124924,192.341159,21.021478,49.606108,-1.000000,-1.000000,-1.000000,-1.000000
8,11,979.091341,192.035977,21.360254,50.378952,-1.000000,-1.000000,-1.000000,-1.000000
9,11,979.686859,192.686426,21.088142,49.757381,-1.000000,-1.000000,-1.000000,-1.000000
10,11,979.836417,192.383269,21.219906,50.056756,-1.000000,-1.000000,-1.000000,-1.000000
11,11,980.212866,192.357235,21.562887,50.845703,-1.000000,-1.000000,-1.000000,-1.000000
12,11,981.016795,193.272846,21.085222,49.755100,-1.000000,-1.000000,-1.000000,-1.000000
13,11,980.953000,193.245822,21.201411,50.016381,-1.000000,-1.000000,-1.000000,-1.000000
14,11,981.073294,195.858893,21.070208,49.714302,-1.000000,-1.000000,-1.000000,-1.000000
15,11,980.703041,193.543127,21.418997,50.512972,-1.000000,-1.000000,-1.000000,-1.000000
16,11,981.367532,193.743219,21.301991,50.249415,-1.000000,-1.000000,-1.000000,-1.000000
17,11,983.629819,193.578637,21.458342,50.609074,-1.000000,-1.000000,-1.000000,-1.000000
18,11,984.509097,195.692583,21.342715,50.346540,-1.000000,-1.000000,-1.000000,-1.000000
19,11,987.340043,195.630246,21.304838,50.258847,-1.000000,-1.000000,-1.000000,-1.000000
20,11,985.141327,193.576770,21.391590,50.457168,-1.000000,-1.000000,-1.000000,-1.000000
21,11,984.272000,195.674641,21.368179,50.404514,-1.000000,-1.000000,-1.000000,-1.000000
22,11,983.502988,193.541919,21.247612,50.127555,-1.000000,-1.000000,-1.000000,-1.000000
23,11,980.514234,192.821928,21.500038,50.705408,-1.000000,-1.000000,-1.000000,-1.000000
24,11,979.667544,192.607412,21.603515,50.946913,-1.000000,-1.000000,-1.000000,-1.000000
25,11,976.361422,192.708569,21.373395,50.421895,-1.000000,-1.000000,-1.000000,-1.000000
26,11,974.041897,194.465681,21.953832,51.314622,-1.000000,-1.000000,-1.000000,-1.000000
27,11,972.888826,193.171121,21.262639,49.965342,-1.000000,-1.000000,-1.000000,-1.000000
28,11,973.157710,194.786580,21.752065,50.645917,-1.000000,-1.000000,-1.000000,-1.000000
29,11,971.871889,194.238546,21.132145,50.072245,-1.000000,-1.000000,-1.000000,-1.000000
30,11,971.754424,194.395400,21.167160,50.153416,-1.000000,-1.000000,-1.000000,-1.000000
31,11,971.767121,195.002432,21.078383,49.947616,-1.000000,-1.000000,-1.000000,-1.000000
32,11,971.719183,195.172010,21.080733,49.953063,-1.000000,-1.000000,-1.000000,-1.000000
33,11,971.671246,195.341587,21.083083,49.958511,-1.000000,-1.000000,-1.000000,-1.000000
34,11,971.623309,195.511165,21.085433,49.963958,-1.000000,-1.000000,-1.000000,-1.000000
35,11,971.816812,195.219060,21.115344,50.033297,-1.000000,-1.000000,-1.000000,-1.000000
36,11,970.139931,193.330914,22.128386,52.766235,-1.000000,-1.000000,-1.000000,-1.000000
37,11,968.314553,194.224657,21.713964,51.516996,-1.000000,-1.000000,-1.000000,-1.000000
38,11,967.856343,194.152920,21.701036,51.335578,-1.000000,-1.000000,-1.000000,-1.000000
39,11,967.004930,194.401882,21.724650,51.313739,-1.000000,-1.000000,-1.000000,-1.000000
40,11,964.263011,194.376497,21.795453,51.438872,-1.000000,-1.000000,-1.000000,-1.000000
41,11,963.871981,194.610470,21.685574,51.168391,-1.000000,-1.000000,-1.000000,-1.000000
42,11,963.432045,194.586192,21.752638,51.311622,-1.000000,-1.000000,-1.000000,-1.000000
43,11,962.772154,194.369342,21.743808,51.287079,-1.000000,-1.000000,-1.000000,-1.000000
44,11,959.872747,195.016989,21.866974,51.142724,-1.000000,-1.000000,-1.000000,-1.000000
45,11,959.256676,192.429766,21.998478,51.654081,-1.000000,-1.000000,-1.000000,-1.000000
46,11,959.891025,194.975231,21.570366,50.783937,-1.000000,-1.000000,-1.000000,-1.000000
47,11,959.375150,194.690776,21.680645,51.083656,-1.000000,-1.000000,-1.000000,-1.000000
48,11,957.322957,194.871404,21.465021,50.614018,-1.000000,-1.000000,-1.000000,-1.000000
49,11,956.644540,194.977107,21.645330,51.036827,-1.000000,-1.000000,-1.000000,-1.000000
50,11,956.277829,195.036233,21.791920,51.381403,-1.000000,-1.000000,-1.000000,-1.000000
8,12,1008.000000,163.000000,21.000000,50.000000,-1.000000,-1.000000,-1.000000,-1.000000
9,12,1009.081802,163.663573,21.325555,50.286514,-1.000000,-1.000000,-1.000000,-1.000000
10,12,1010.429146,163.500205,21.539496,50.335545,-1.000000,-1.000000,-1.000000,-1.000000
11,12,1011.735231,163.549217,21.729648,50.346643,-1.000000,-1.000000,-1.000000,-1.000000
18,12,1016.758918,164.987802,22.327947,53.231876,-1.000000,-1.000000,-1.000000,-1.000000
19,12,1017.991089,165.421412,22.579061,53.394762,-1.000000,-1.000000,-1.000000,-1.000000
20,12,1018.054993,165.754011,22.846758,53.611984,-1.000000,-1.000000,-1.000000,-1.000000
38,12,995.625952,163.881687,21.729467,51.456946,-1.000000,-1.000000,-1.000000,-1.000000
39,12,994.928220,165.473262,21.501052,50.927438,-1.000000,-1.000000,-1.000000,-1.000000
40,12,993.876449,164.979970,21.449706,50.808408,-1.000000,-1.000000,-1.000000,-1.000000
41,12,992.824678,164.486677,21.398359,50.689379,-1.000000,-1.000000,-1.000000,-1.000000
42,12,991.772907,163.993385,21.347013,50.570349,-1.000000,-1.000000,-1.000000,-1.000000
