1,1,1118.000000,153.000000,14.000000,35.000000,-1.000000,-1.000000,-1.000000,-1.000000
2,1,1117.832610,153.185526,12.177968,35.527123,-1.000000,-1.000000,-1.000000,-1.000000
3,1,1115.501220,153.330229,11.882758,36.496330,-1.000000,-1.000000,-1.000000,-1.000000
4,1,1111.582135,152.813292,12.693052,37.837858,-1.000000,-1.000000,-1.000000,-1.000000
5,1,1108.680993,153.743085,13.305677,34.708557,-1.000000,-1.000000,-1.000000,-1.000000
6,1,1105.267036,150.587085,12.581246,34.973147,-1.000000,-1.000000,-1.000000,-1.000000
7,1,1103.457216,149.578994,13.822071,36.869647,-1.000000,-1.000000,-1.000000,-1.000000
8,1,1104.565925,151.831826,12.473384,36.632227,-1.000000,-1.000000,-1.000000,-1.000000
9,1,1105.933255,151.761040,11.523799,37.892030,-1.000000,-1.000000,-1.000000,-1.000000
10,1,1106.110075,150.752124,11.600681,38.769458,-1.000000,-1.000000,-1.000000,-1.000000
11,1,1107.596418,151.113939,12.032441,37.370614,-1.000000,-1.000000,-1.000000,-1.000000
12,1,1108.326512,151.988369,12.931501,37.755627,-1.000000,-1.000000,-1.000000,-1.000000
13,1,1108.208855,153.177652,12.457801,35.787727,-1.000000,-1.000000,-1.000000,-1.000000
14,1,1106.483677,153.001477,14.310067,36.922301,-1.000000,-1.000000,-1.000000,-1.000000
15,1,1107.792360,153.489029,13.380724,36.597719,-1.000000,-1.000000,-1.000000,-1.000000
16,1,1108.124695,152.468035,13.223144,37.697880,-1.000000,-1.000000,-1.000000,-1.000000
17,1,1110.080058,152.430999,12.118933,36.831065,-1.000000,-1.000000,-1.000000,-1.000000
18,1,1110.363073,152.290438,14.015530,37.104092,-1.000000,-1.000000,-1.000000,-1.000000
19,1,1112.496425,153.772420,12.438470,35.424912,-1.000000,-1.000000,-1.000000,-1.000000
20,1,1110.837688,152.073773,13.944434,37.126397,-1.000000,-1.000000,-1.000000,-1.000000
21,1,1109.614159,151.499126,12.777185,38.383351,-1.000000,-1.000000,-1.000000,-1.000000
22,1,1107.669511,152.222330,13.100270,37.195673,-1.000000,-1.000000,-1.000000,-1.000000
23,1,1106.163820,151.894172,13.402097,37.515121,-1.000000,-1.000000,-1.000000,-1.000000
24,1,1104.119192,152.102952,13.333119,36.594576,-1.000000,-1.000000,-1.000000,-1.000000
25,1,1100.319296,151.582946,12.570002,35.857313,-1.000000,-1.000000,-1.000000,-1.000000
26,1,1098.131015,151.569668,13.393334,36.030044,-1.000000,-1.000000,-1.000000,-1.000000
27,1,1097.036628,151.257211,13.254508,36.972414,-1.000000,-1.000000,-1.000000,-1.000000
28,1,1096.101184,150.560944,13.716242,37.207755,-1.000000,-1.000000,-1.000000,-1.000000
29,1,1094.154231,151.853803,14.701383,38.805970,-1.000000,-1.000000,-1.000000,-1.000000
30,1,1095.223642,151.892788,13.615943,36.871977,-1.000000,-1.000000,-1.000000,-1.000000
31,1,1094.172944,151.758820,13.184045,37.930477,-1.000000,-1.000000,-1.000000,-1.000000
32,1,1093.162453,152.194118,13.371455,37.184274,-1.000000,-1.000000,-1.000000,-1.000000
33,1,1093.213472,152.340230,12.990375,36.891296,-1.000000,-1.000000,-1.000000,-1.000000
34,1,1093.361505,152.674402,13.363897,36.905825,-1.000000,-1.000000,-1.000000,-1.000000
35,1,1094.256244,152.615566,11.904570,36.536801,-1.000000,-1.000000,-1.000000,-1.000000
36,1,1092.409290,152.798105,12.634738,36.157526,-1.000000,-1.000000,-1.000000,-1.000000
37,1,1090.499109,151.861895,12.746026,35.693985,-1.000000,-1.000000,-1.000000,-1.000000
38,1,1087.876631,152.469164,14.474521,37.423744,-1.000000,-1.000000,-1.000000,-1.000000
39,1,1086.407669,153.931704,13.939237,35.050550,-1.000000,-1.000000,-1.000000,-1.000000
40,1,1085.223516,151.501499,14.248893,39.499628,-1.000000,-1.000000,-1.000000,-1.000000
41,1,1083.759137,154.077003,13.576699,35.804592,-1.000000,-1.000000,-1.000000,-1.000000
42,1,1082.057912,153.477550,14.413087,36.261504,-1.000000,-1.000000,-1.000000,-1.000000
43,1,1079.215923,154.514122,14.088208,33.946423,-1.000000,-1.000000,-1.000000,-1.000000
44,1,1077.107878,153.857077,14.487401,35.633100,-1.000000,-1.000000,-1.000000,-1.000000
45,1,1077.343262,152.712745,13.340527,36.850854,-1.000000,-1.000000,-1.000000,-1.000000
46,1,1077.890226,151.905642,13.122986,37.616066,-1.000000,-1.000000,-1.000000,-1.000000
47,1,1077.472020,152.412357,13.253544,37.287818,-1.000000,-1.000000,-1.000000,-1.000000
48,1,1077.475392,152.848972,12.403934,35.521288,-1.000000,-1.000000,-1.000000,-1.000000
49,1,1076.993522,152.257036,12.722201,36.620118,-1.000000,-1.000000,-1.000000,-1.000000
50,1,1075.914950,151.943229,13.015579,37.547071,-1.000000,-1.000000,-1.000000,-1.000000
1,2,1113.000000,145.000000,12.000000,39.000000,-1.000000,-1.000000,-1.000000,-1.000000
2,2,1110.212192,145.305595,13.268664,39.121529,-1.000000,-1.000000,-1.000000,-1.000000
3,2,1107.184335,146.331351,13.283660,38.409070,-1.000000,-1.000000,-1.000000,-1.000000
4,2,1103.991911,146.732440,13.462255,38.037490,-1.000000,-1.000000,-1.000000,-1.000000
5,2,1102.035254,144.843771,12.620734,40.046077,-1.000000,-1.000000,-1.000000,-1.000000
6,2,1099.880045,143.711072,12.104354,41.744270,-1.000000,-1.000000,-1.000000,-1.000000
7,2,1096.913899,142.985390,12.832470,41.511687,-1.000000,-1.000000,-1.000000,-1.000000
8,2,1096.405877,143.398390,14.120459,40.701093,-1.000000,-1.000000,-1.000000,-1.000000
9,2,1098.126339,143.786738,12.706825,40.469717,-1.000000,-1.000000,-1.000000,-1.000000
10,2,1100.156805,142.836753,11.665955,42.013290,-1.000000,-1.000000,-1.000000,-1.000000
11,2,1098.386468,143.931218,14.273901,41.664466,-1.000000,-1.000000,-1.000000,-1.000000
12,2,1099.903259,144.150275,13.244726,43.092173,-1.000000,-1.000000,-1.000000,-1.000000
13,2,1100.359518,144.387040,12.612033,42.833880,-1.000000,-1.000000,-1.000000,-1.000000
14,2,1099.445989,144.880706,13.367145,42.368956,-1.000000,-1.000000,-1.000000,-1.000000
15,2,1099.791072,146.095039,13.254756,39.751451,-1.000000,-1.000000,-1.000000,-1.000000
16,2,1100.746849,145.698818,13.457917,40.730867,-1.000000,-1.000000,-1.000000,-1.000000
17,2,1102.583006,145.253676,12.234000,41.284557,-1.000000,-1.000000,-1.000000,-1.000000
18,2,1103.802644,145.515050,13.126070,40.426058,-1.000000,-1.000000,-1.000000,-1.000000
19,2,1104.344764,145.300143,12.696397,40.483044,-1.000000,-1.000000,-1.000000,-1.000000
20,2,1104.009656,145.692258,11.729363,39.212912,-1.000000,-1.000000,-1.000000,-1.000000
21,2,1101.735864,145.047798,12.835366,41.348955,-1.000000,-1.000000,-1.000000,-1.000000
22,2,1099.675261,144.604574,12.680936,41.302722,-1.000000,-1.000000,-1.000000,-1.000000
23,2,1099.496727,143.324284,11.092449,42.736987,-1.000000,-1.000000,-1.000000,-1.000000
24,2,1097.696918,143.093987,11.313839,42.892455,-1.000000,-1.000000,-1.000000,-1.000000
25,2,1094.076491,143.706143,11.877488,40.815970,-1.000000,-1.000000,-1.000000,-1.000000
26,2,1090.582917,143.656715,11.737348,39.602475,-1.000000,-1.000000,-1.000000,-1.000000
27,2,1090.507354,142.782569,10.941893,42.372989,-1.000000,-1.000000,-1.000000,-1.000000
28,2,1090.580661,142.382132,8.859496,41.431092,-1.000000,-1.000000,-1.000000,-1.000000
29,2,1089.822724,143.813705,10.206464,39.608220,-1.000000,-1.000000,-1.000000,-1.000000
30,2,1087.441493,142.653317,12.520149,40.841448,-1.000000,-1.000000,-1.000000,-1.000000
31,2,1087.818901,144.554872,12.284494,39.297601,-1.000000,-1.000000,-1.000000,-1.000000
32,2,1087.375179,144.198286,12.123564,38.927941,-1.000000,-1.000000,-1.000000,-1.000000
33,2,1085.420143,144.287215,12.776493,37.928721,-1.000000,-1.000000,-1.000000,-1.000000
34,2,1085.645902,145.108365,12.068397,38.884957,-1.000000,-1.000000,-1.000000,-1.000000
35,2,1087.655228,145.175873,8.284915,41.830704,-1.000000,-1.000000,-1.000000,-1.000000
36,2,1086.791237,145.455270,8.950791,40.388128,-1.000000,-1.000000,-1.000000,-1.000000
37,2,1082.504112,144.951222,11.420191,41.309354,-1.000000,-1.000000,-1.000000,-1.000000
38,2,1081.945504,145.277367,11.229157,40.368939,-1.000000,-1.000000,-1.000000,-1.000000
39,2,1081.196479,144.988959,9.462439,41.014552,-1.000000,-1.000000,-1.000000,-1.000000
40,2,1078.609279,143.060255,10.596061,46.822511,-1.000000,-1.000000,-1.000000,-1.000000
41,2,1078.539063,145.174543,9.292465,43.224808,-1.000000,-1.000000,-1.000000,-1.000000
42,2,1076.999046,144.025743,10.785505,42.579371,-1.000000,-1.000000,-1.000000,-1.000000
43,2,1074.883006,145.476946,11.552274,39.393858,-1.000000,-1.000000,-1.000000,-1.000000
44,2,1072.832708,144.404237,11.730391,38.886331,-1.000000,-1.000000,-1.000000,-1.000000
45,2,1071.994089,143.728824,12.397720,42.377455,-1.000000,-1.000000,-1.000000,-1.000000
46,2,1071.490648,145.184658,12.371122,42.432046,-1.000000,-1.000000,-1.000000,-1.000000
47,2,1073.084255,142.538087,9.487185,44.817334,-1.000000,-1.000000,-1.000000,-1.000000
48,2,1071.497894,144.430705,11.825032,40.916772,-1.000000,-1.000000,-1.000000,-1.000000
49,2,1071.205628,144.510379,11.777546,40.758485,-1.000000,-1.000000,-1.000000,-1.000000
50,2,1065.000000,141.000000,10.000000,38.000000,-1.000000,-1.000000,-1.000000,-1.000000
1,3,1105.000000,140.000000,10.000000,39.000000,-1.000000,-1.000000,-1.000000,-1.000000
2,3,1103.394013,140.571740,10.860152,37.824795,-1.000000,-1.000000,-1.000000,-1.000000
3,3,1100.513026,142.052939,11.152579,37.327538,-1.000000,-1.000000,-1.000000,-1.000000
4,3,1097.362539,142.195523,11.513131,37.283972,-1.000000,-1.000000,-1.000000,-1.000000
5,3,1094.430547,141.199137,11.349018,39.243879,-1.000000,-1.000000,-1.000000,-1.000000
6,3,1091.587806,140.527296,12.032408,41.994217,-1.000000,-1.000000,-1.000000,-1.000000
7,3,1089.273316,141.638415,11.618082,35.892469,-1.000000,-1.000000,-1.000000,-1.000000
8,3,1088.787911,140.907953,12.435842,36.662520,-1.000000,-1.000000,-1.000000,-1.000000
9,3,1088.865352,141.672142,12.845412,39.600921,-1.000000,-1.000000,-1.000000,-1.000000
10,3,1089.032338,141.383436,13.674586,40.944979,-1.000000,-1.000000,-1.000000,-1.000000
11,3,1090.210227,141.298022,13.527633,39.507746,-1.000000,-1.000000,-1.000000,-1.000000
12,3,1091.234239,141.020243,11.868601,40.095288,-1.000000,-1.000000,-1.000000,-1.000000
13,3,1091.044957,142.119820,12.686578,41.002285,-1.000000,-1.000000,-1.000000,-1.000000
14,3,1091.270128,141.647611,12.544756,41.400571,-1.000000,-1.000000,-1.000000,-1.000000
15,3,1090.259517,142.595154,14.148770,38.536276,-1.000000,-1.000000,-1.000000,-1.000000
16,3,1091.761513,142.113488,13.723654,40.377311,-1.000000,-1.000000,-1.000000,-1.000000
17,3,1092.977092,141.650346,13.413646,39.368830,-1.000000,-1.000000,-1.000000,-1.000000
18,3,1094.671774,141.532778,13.432728,41.352786,-1.000000,-1.000000,-1.000000,-1.000000
19,3,1095.556218,142.005821,14.233211,39.644274,-1.000000,-1.000000,-1.000000,-1.000000
20,3,1094.989911,141.323586,12.818747,38.532044,-1.000000,-1.000000,-1.000000,-1.000000
21,3,1093.925879,140.857255,11.911469,35.171075,-1.000000,-1.000000,-1.000000,-1.000000
22,3,1092.199156,140.407012,12.742256,39.689645,-1.000000,-1.000000,-1.000000,-1.000000
23,3,1091.098083,141.288855,11.408126,39.812993,-1.000000,-1.000000,-1.000000,-1.000000
24,3,1088.412620,140.198123,14.423884,38.825034,-1.000000,-1.000000,-1.000000,-1.000000
25,3,1086.748702,139.393913,10.810066,42.287748,-1.000000,-1.000000,-1.000000,-1.000000
26,3,1084.687384,139.171542,11.403420,42.518721,-1.000000,-1.000000,-1.000000,-1.000000
27,3,1082.869108,140.058025,13.423396,43.145521,-1.000000,-1.000000,-1.000000,-1.000000
28,3,1082.319797,139.425596,11.335151,40.788149,-1.000000,-1.000000,-1.000000,-1.000000
29,3,1081.894848,139.268640,11.291544,42.162280,-1.000000,-1.000000,-1.000000,-1.000000
30,3,1081.835875,139.129358,11.135791,43.405776,-1.000000,-1.000000,-1.000000,-1.000000
31,3,1080.747180,138.716170,10.951350,46.146489,-1.000000,-1.000000,-1.000000,-1.000000
32,3,1080.784263,139.035138,9.887769,44.525740,-1.000000,-1.000000,-1.000000,-1.000000
33,3,1079.983659,139.569921,10.298542,44.534522,-1.000000,-1.000000,-1.000000,-1.000000
34,3,1079.678598,139.707536,10.969273,43.921299,-1.000000,-1.000000,-1.000000,-1.000000
35,3,1079.922122,140.349421,10.279578,43.065398,-1.000000,-1.000000,-1.000000,-1.000000
36,3,1077.710388,139.649196,12.094051,43.721227,-1.000000,-1.000000,-1.000000,-1.000000
37,3,1076.324163,140.037580,12.207533,43.073792,-1.000000,-1.000000,-1.000000,-1.000000
38,3,1075.521511,141.318433,10.266893,42.780027,-1.000000,-1.000000,-1.000000,-1.000000
39,3,1073.807274,140.832125,10.412930,42.397979,-1.000000,-1.000000,-1.000000,-1.000000
40,3,1071.851877,140.279659,11.298127,45.909188,-1.000000,-1.000000,-1.000000,-1.000000
41,3,1069.756000,141.350593,12.300732,42.016850,-1.000000,-1.000000,-1.000000,-1.000000
42,3,1068.495636,142.200671,11.266555,39.625587,-1.000000,-1.000000,-1.000000,-1.000000
43,3,1066.188891,140.943441,13.403222,41.545370,-1.000000,-1.000000,-1.000000,-1.000000
44,3,1064.650347,141.183563,12.866547,37.637491,-1.000000,-1.000000,-1.000000,-1.000000
45,3,1063.638722,140.158012,12.156983,42.764065,-1.000000,-1.000000,-1.000000,-1.000000
46,3,1063.436014,139.770564,12.707868,44.677079,-1.000000,-1.000000,-1.000000,-1.000000
47,3,1062.929466,141.016172,13.274708,41.289096,-1.000000,-1.000000,-1.000000,-1.000000
48,3,1063.169610,139.874142,12.376783,41.206271,-1.000000,-1.000000,-1.000000,-1.000000
49,3,1063.631557,140.003846,11.805861,40.825493,-1.000000,-1.000000,-1.000000,-1.000000
1,4,553.000000,157.000000,16.000000,42.000000,-1.000000,-1.000000,-1.000000,-1.000000
2,4,551.810627,157.246793,14.613644,40.881079,-1.000000,-1.000000,-1.000000,-1.000000
3,4,548.495034,157.966878,15.161588,40.899982,-1.000000,-1.000000,-1.000000,-1.000000
4,4,542.576441,156.357075,18.372264,45.758530,-1.000000,-1.000000,-1.000000,-1.000000
5,4,542.420985,157.476820,15.614050,41.181252,-1.000000,-1.000000,-1.000000,-1.000000
6,4,538.935732,156.234545,15.013104,41.195903,-1.000000,-1.000000,-1.000000,-1.000000
7,4,536.116784,156.128699,16.793466,42.888085,-1.000000,-1.000000,-1.000000,-1.000000
8,4,536.239598,156.992410,14.740628,40.691476,-1.000000,-1.000000,-1.000000,-1.000000
9,4,536.608860,156.736166,15.521377,42.593279,-1.000000,-1.000000,-1.000000,-1.000000
10,4,536.151286,156.895034,14.955964,42.175172,-1.000000,-1.000000,-1.000000,-1.000000
11,4,536.469082,157.252067,16.455886,43.740537,-1.000000,-1.000000,-1.000000,-1.000000
12,4,538.149603,158.692864,15.097043,41.407600,-1.000000,-1.000000,-1.000000,-1.000000
13,4,536.138391,158.249823,17.208610,42.978950,-1.000000,-1.000000,-1.000000,-1.000000
14,4,536.622975,157.818273,15.819607,42.168339,-1.000000,-1.000000,-1.000000,-1.000000
15,4,536.790115,157.722165,14.942509,42.527846,-1.000000,-1.000000,-1.000000,-1.000000
16,4,536.004693,158.069349,15.024022,42.770726,-1.000000,-1.000000,-1.000000,-1.000000
17,4,537.500114,159.163184,15.833441,40.262342,-1.000000,-1.000000,-1.000000,-1.000000
18,4,538.736601,160.195667,15.072773,38.131936,-1.000000,-1.000000,-1.000000,-1.000000
19,4,539.368708,159.770102,15.545594,38.936136,-1.000000,-1.000000,-1.000000,-1.000000
20,4,538.707422,160.964509,15.442093,38.502648,-1.000000,-1.000000,-1.000000,-1.000000
21,4,537.252202,161.458469,15.277124,37.513974,-1.000000,-1.000000,-1.000000,-1.000000
22,4,533.899732,160.000160,15.832426,38.853576,-1.000000,-1.000000,-1.000000,-1.000000
23,4,531.614381,160.019855,15.947409,38.148928,-1.000000,-1.000000,-1.000000,-1.000000
24,4,528.181500,157.771272,17.179195,39.720381,-1.000000,-1.000000,-1.000000,-1.000000
25,4,525.056798,157.992181,17.109196,39.623456,-1.000000,-1.000000,-1.000000,-1.000000
26,4,522.638687,158.409648,16.891742,38.663305,-1.000000,-1.000000,-1.000000,-1.000000
27,4,520.765591,157.354757,17.276248,40.286151,-1.000000,-1.000000,-1.000000,-1.000000
28,4,519.657887,157.788309,16.853958,40.345193,-1.000000,-1.000000,-1.000000,-1.000000
29,4,519.386728,157.812401,15.122350,40.311698,-1.000000,-1.000000,-1.000000,-1.000000
30,4,518.596830,159.177036,15.701182,38.858864,-1.000000,-1.000000,-1.000000,-1.000000
31,4,517.410947,159.849636,15.647264,37.469626,-1.000000,-1.000000,-1.000000,-1.000000
32,4,516.314555,158.242856,16.215877,40.461820,-1.000000,-1.000000,-1.000000,-1.000000
33,4,516.473248,159.504504,15.057135,39.954073,-1.000000,-1.000000,-1.000000,-1.000000
34,4,515.652926,159.969798,14.948901,40.115129,-1.000000,-1.000000,-1.000000,-1.000000
35,4,515.721726,160.577973,14.027605,39.748254,-1.000000,-1.000000,-1.000000,-1.000000
36,4,513.129400,161.408794,15.376181,38.840528,-1.000000,-1.000000,-1.000000,-1.000000
37,4,511.724849,160.898217,16.067649,39.459255,-1.000000,-1.000000,-1.000000,-1.000000
38,4,511.181334,161.050779,14.389259,38.538829,-1.000000,-1.000000,-1.000000,-1.000000
39,4,506.849078,159.728562,15.334572,40.673829,-1.000000,-1.000000,-1.000000,-1.000000
40,4,505.103904,160.961215,16.018069,39.527872,-1.000000,-1.000000,-1.000000,-1.000000
41,4,503.485047,160.678388,17.006515,39.904937,-1.000000,-1.000000,-1.000000,-1.000000
42,4,502.036993,160.668789,16.061141,40.288997,-1.000000,-1.000000,-1.000000,-1.000000
43,4,499.656340,159.700562,16.181359,41.143461,-1.000000,-1.000000,-1.000000,-1.000000
44,4,497.971903,159.853783,15.335254,41.796404,-1.000000,-1.000000,-1.000000,-1.000000
45,4,497.581807,158.792018,15.273512,42.249647,-1.000000,-1.000000,-1.000000,-1.000000
46,4,497.538925,159.767767,14.889270,41.327501,-1.000000,-1.000000,-1.000000,-1.000000
47,4,495.719010,158.288265,14.556454,42.314354,-1.000000,-1.000000,-1.000000,-1.000000
48,4,494.639127,157.118651,16.050156,42.775271,-1.000000,-1.000000,-1.000000,-1.000000
49,4,493.824010,157.949370,16.324185,41.736649,-1.000000,-1.000000,-1.000000,-1.000000
50,4,492.948706,159.323851,15.945759,40.190795,-1.000000,-1.000000,-1.000000,-1.000000
1,5,1051.000000,156.000000,12.000000,40.000000,-1.000000,-1.000000,-1.000000,-1.000000
2,5,1049.420581,155.583541,13.272103,40.622914,-1.000000,-1.000000,-1.000000,-1.000000
3,5,1047.187590,157.034731,12.849015,40.821206,-1.000000,-1.000000,-1.000000,-1.000000
4,5,1043.302456,157.188222,14.631229,39.873472,-1.000000,-1.000000,-1.000000,-1.000000
5,5,1039.994709,157.419883,15.418965,38.240165,-1.000000,-1.000000,-1.000000,-1.000000
6,5,1038.271924,157.210062,14.492658,38.928888,-1.000000,-1.000000,-1.000000,-1.000000
7,5,1036.436167,156.380595,14.026640,37.730984,-1.000000,-1.000000,-1.000000,-1.000000
8,5,1036.839449,156.439560,14.710519,38.196528,-1.000000,-1.000000,-1.000000,-1.000000
9,5,1037.226351,156.373690,15.788569,39.258516,-1.000000,-1.000000,-1.000000,-1.000000
10,5,1038.454965,157.509237,15.040376,38.116083,-1.000000,-1.000000,-1.000000,-1.000000
11,5,1039.489346,157.494465,14.560864,37.983202,-1.000000,-1.000000,-1.000000,-1.000000
12,5,1040.195257,157.416303,14.784893,38.327638,-1.000000,-1.000000,-1.000000,-1.000000
13,5,1040.110462,157.169617,14.243039,38.619303,-1.000000,-1.000000,-1.000000,-1.000000
14,5,1040.103516,158.049643,14.437978,38.662758,-1.000000,-1.000000,-1.000000,-1.000000
15,5,1040.169855,157.973769,14.801506,38.873902,-1.000000,-1.000000,-1.000000,-1.000000
16,5,1040.665681,158.881134,14.579546,37.458691,-1.000000,-1.000000,-1.000000,-1.000000
17,5,1042.329503,157.676826,13.774318,38.011683,-1.000000,-1.000000,-1.000000,-1.000000
18,5,1043.523057,157.854893,15.253115,37.976995,-1.000000,-1.000000,-1.000000,-1.000000
19,5,1043.811814,158.474703,15.872428,37.703871,-1.000000,-1.000000,-1.000000,-1.000000
20,5,1042.991622,158.015547,17.217114,38.171872,-1.000000,-1.000000,-1.000000,-1.000000
21,5,1042.057620,159.067957,15.762386,37.168003,-1.000000,-1.000000,-1.000000,-1.000000
22,5,1039.621995,158.889567,16.333646,36.793804,-1.000000,-1.000000,-1.000000,-1.000000
23,5,1038.507977,157.460919,15.993959,38.334942,-1.000000,-1.000000,-1.000000,-1.000000
24,5,1036.886835,158.256260,15.122078,36.627500,-1.000000,-1.000000,-1.000000,-1.000000
25,5,1034.249612,157.070607,15.738261,38.040933,-1.000000,-1.000000,-1.000000,-1.000000
26,5,1032.549111,157.769804,13.916270,36.289539,-1.000000,-1.000000,-1.000000,-1.000000
27,5,1031.109022,156.863100,14.156649,37.951785,-1.000000,-1.000000,-1.000000,-1.000000
28,5,1029.967142,156.828027,15.588271,38.326053,-1.000000,-1.000000,-1.000000,-1.000000
29,5,1028.948416,156.519853,16.500506,38.294631,-1.000000,-1.000000,-1.000000,-1.000000
30,5,1029.701668,156.913944,14.815546,38.998705,-1.000000,-1.000000,-1.000000,-1.000000
31,5,1029.458405,157.482650,14.385855,38.012706,-1.000000,-1.000000,-1.000000,-1.000000
32,5,1028.516239,157.284604,15.078208,38.040574,-1.000000,-1.000000,-1.000000,-1.000000
33,5,1028.174181,157.591054,14.926251,38.571599,-1.000000,-1.000000,-1.000000,-1.000000
34,5,1028.573168,158.610416,15.077756,37.158043,-1.000000,-1.000000,-1.000000,-1.000000
35,5,1028.807399,158.527736,14.413092,37.598471,-1.000000,-1.000000,-1.000000,-1.000000
36,5,1026.712011,157.870936,15.598912,39.351346,-1.000000,-1.000000,-1.000000,-1.000000
37,5,1025.787335,158.977907,15.143155,38.916489,-1.000000,-1.000000,-1.000000,-1.000000
38,5,1024.163504,158.925219,16.188592,38.843890,-1.000000,-1.000000,-1.000000,-1.000000
39,5,1022.682111,159.385014,15.714201,37.872901,-1.000000,-1.000000,-1.000000,-1.000000
40,5,1020.443069,159.151740,15.976517,38.375253,-1.000000,-1.000000,-1.000000,-1.000000
41,5,1020.235360,159.270044,15.476208,38.487803,-1.000000,-1.000000,-1.000000,-1.000000
42,5,1018.335371,158.405864,16.780830,38.175366,-1.000000,-1.000000,-1.000000,-1.000000
43,5,1017.068614,159.339378,16.650384,36.885300,-1.000000,-1.000000,-1.000000,-1.000000
44,5,1015.920619,158.064977,16.998143,38.629588,-1.000000,-1.000000,-1.000000,-1.000000
45,5,1015.985356,157.844619,16.420863,39.472835,-1.000000,-1.000000,-1.000000,-1.000000
46,5,1015.839463,158.295258,15.920019,38.898994,-1.000000,-1.000000,-1.000000,-1.000000
47,5,1016.405120,157.906045,16.427452,39.205215,-1.000000,-1.000000,-1.000000,-1.000000
48,5,1014.879088,157.351191,16.658954,39.311292,-1.000000,-1.000000,-1.000000,-1.000000
49,5,1014.722252,157.877082,16.520508,38.786268,-1.000000,-1.000000,-1.000000,-1.000000
50,5,1014.295736,157.720627,16.743044,39.185606,-1.000000,-1.000000,-1.000000,-1.000000
1,6,544.000000,151.000000,11.000000,46.000000,-1.000000,-1.000000,-1.000000,-1.000000
2,6,541.536984,150.795766,13.340900,46.768523,-1.000000,-1.000000,-1.000000,-1.000000
3,6,537.094706,152.793079,17.255381,44.899767,-1.000000,-1.000000,-1.000000,-1.000000
4,6,532.239874,150.048956,19.104394,47.016651,-1.000000,-1.000000,-1.000000,-1.000000
5,6,531.430671,152.289461,15.734149,44.260482,-1.000000,-1.000000,-1.000000,-1.000000
6,6,528.795288,149.500120,13.481599,46.964826,-1.000000,-1.000000,-1.000000,-1.000000
7,6,527.052998,150.921350,13.709340,46.121861,-1.000000,-1.000000,-1.000000,-1.000000
8,6,526.223240,150.804362,13.753236,45.526897,-1.000000,-1.000000,-1.000000,-1.000000
9,6,526.976712,151.915876,14.090177,44.747833,-1.000000,-1.000000,-1.000000,-1.000000
10,6,527.349456,151.732466,14.194806,44.693220,-1.000000,-1.000000,-1.000000,-1.000000
11,6,528.394605,152.195286,12.455427,44.296863,-1.000000,-1.000000,-1.000000,-1.000000
12,6,528.472100,151.962924,13.635558,45.215671,-1.000000,-1.000000,-1.000000,-1.000000
13,6,527.028540,152.199584,14.695787,45.107743,-1.000000,-1.000000,-1.000000,-1.000000
14,6,527.489370,151.750572,13.912877,44.660204,-1.000000,-1.000000,-1.000000,-1.000000
15,6,526.824121,151.703322,14.029251,44.902643,-1.000000,-1.000000,-1.000000,-1.000000
16,6,525.748100,152.250232,14.333681,44.543264,-1.000000,-1.000000,-1.000000,-1.000000
17,6,529.110678,151.461187,14.002011,46.306434,-1.000000,-1.000000,-1.000000,-1.000000
18,6,530.094013,152.255831,13.373058,45.466239,-1.000000,-1.000000,-1.000000,-1.000000
19,6,530.291596,153.015121,15.239205,45.133547,-1.000000,-1.000000,-1.000000,-1.000000
20,6,530.335959,153.182560,14.772079,44.963949,-1.000000,-1.000000,-1.000000,-1.000000
21,6,528.029476,153.630915,14.460610,43.625194,-1.000000,-1.000000,-1.000000,-1.000000
22,6,525.323313,153.255441,14.607603,44.830308,-1.000000,-1.000000,-1.000000,-1.000000
23,6,523.906148,153.475472,13.928473,46.194957,-1.000000,-1.000000,-1.000000,-1.000000
24,6,521.702061,150.985232,11.575150,48.260709,-1.000000,-1.000000,-1.000000,-1.000000
25,6,517.658640,150.267580,13.150913,49.005512,-1.000000,-1.000000,-1.000000,-1.000000
26,6,515.931659,149.407466,12.467212,48.270098,-1.000000,-1.000000,-1.000000,-1.000000
27,6,514.822268,150.999465,12.284862,46.403893,-1.000000,-1.000000,-1.000000,-1.000000
28,6,514.395703,150.892148,11.844226,46.532904,-1.000000,-1.000000,-1.000000,-1.000000
29,6,513.067267,151.218424,12.031625,45.217472,-1.000000,-1.000000,-1.000000,-1.000000
30,6,511.967723,151.204681,15.139269,46.431729,-1.000000,-1.000000,-1.000000,-1.000000
31,6,510.420749,150.893201,14.232680,46.620852,-1.000000,-1.000000,-1.000000,-1.000000
32,6,510.157446,152.350088,12.524335,44.356524,-1.000000,-1.000000,-1.000000,-1.000000
33,6,509.255011,152.019332,12.228748,45.944153,-1.000000,-1.000000,-1.000000,-1.000000
34,6,508.318092,152.726498,13.381312,45.036224,-1.000000,-1.000000,-1.000000,-1.000000
35,6,507.792514,153.130425,14.381940,44.913511,-1.000000,-1.000000,-1.000000,-1.000000
36,6,505.910285,153.432804,14.116034,45.115692,-1.000000,-1.000000,-1.000000,-1.000000
37,6,502.945017,152.447890,16.947691,46.605562,-1.000000,-1.000000,-1.000000,-1.000000
38,6,500.321593,153.285355,17.173857,47.077556,-1.000000,-1.000000,-1.000000,-1.000000
39,6,498.901554,154.230208,16.979762,45.719960,-1.000000,-1.000000,-1.000000,-1.000000
40,6,495.584791,152.958692,14.491505,46.454297,-1.000000,-1.000000,-1.000000,-1.000000
41,6,493.764250,153.014420,17.782629,45.203938,-1.000000,-1.000000,-1.000000,-1.000000
42,6,490.904579,154.286661,16.854094,45.665477,-1.000000,-1.000000,-1.000000,-1.000000
43,6,490.330619,152.885717,15.497313,45.598418,-1.000000,-1.000000,-1.000000,-1.000000
44,6,487.824786,152.975135,16.191653,46.026516,-1.000000,-1.000000,-1.000000,-1.000000
45,6,487.557620,153.571518,13.488327,45.243374,-1.000000,-1.000000,-1.000000,-1.000000
46,6,486.555540,153.713736,16.492609,44.204145,-1.000000,-1.000000,-1.000000,-1.000000
47,6,486.358593,153.660867,15.674544,43.793332,-1.000000,-1.000000,-1.000000,-1.000000
48,6,485.588197,152.241794,15.334675,45.262968,-1.000000,-1.000000,-1.000000,-1.000000
49,6,485.366354,152.225222,15.170777,46.026749,-1.000000,-1.000000,-1.000000,-1.000000
50,6,484.839781,152.638749,14.787976,45.540351,-1.000000,-1.000000,-1.000000,-1.000000
1,7,872.000000,207.000000,21.000000,50.000000,-1.000000,-1.000000,-1.000000,-1.000000
2,7,871.874460,209.302853,17.620412,48.045047,-1.000000,-1.000000,-1.000000,-1.000000
3,7,868.344258,209.431192,17.534017,50.520735,-1.000000,-1.000000,-1.000000,-1.000000
4,7,865.005364,209.350708,19.566320,50.631834,-1.000000,-1.000000,-1.000000,-1.000000
5,7,861.177171,209.236284,20.483814,48.494673,-1.000000,-1.000000,-1.000000,-1.000000
6,7,859.136544,206.987855,21.399739,50.523407,-1.000000,-1.000000,-1.000000,-1.000000
7,7,858.654062,207.752531,20.893881,49.337148,-1.000000,-1.000000,-1.000000,-1.000000
8,7,856.474826,210.250569,21.035344,47.141730,-1.000000,-1.000000,-1.000000,-1.000000
9,7,857.312768,209.914338,19.920597,47.852337,-1.000000,-1.000000,-1.000000,-1.000000
10,7,856.897523,209.513921,21.077224,50.106308,-1.000000,-1.000000,-1.000000,-1.000000
11,7,857.848168,210.319195,21.214364,50.228443,-1.000000,-1.000000,-1.000000,-1.000000
12,7,858.800776,210.147938,19.695552,49.591867,-1.000000,-1.000000,-1.000000,-1.000000
13,7,858.866974,209.639479,18.579440,51.283853,-1.000000,-1.000000,-1.000000,-1.000000
14,7,857.910282,210.917345,18.660171,49.731684,-1.000000,-1.000000,-1.000000,-1.000000
15,7,858.823054,211.031572,18.276486,49.150296,-1.000000,-1.000000,-1.000000,-1.000000
16,7,859.631716,210.873398,17.312281,49.945851,-1.000000,-1.000000,-1.000000,-1.000000
17,7,860.720370,211.106421,17.379490,49.518846,-1.000000,-1.000000,-1.000000,-1.000000
18,7,862.650998,210.993906,16.991887,50.010897,-1.000000,-1.000000,-1.000000,-1.000000
19,7,863.059913,210.282161,17.145143,51.353552,-1.000000,-1.000000,-1.000000,-1.000000
20,7,862.195312,210.844590,18.086096,50.652076,-1.000000,-1.000000,-1.000000,-1.000000
21,7,860.176280,210.353728,19.183493,51.136556,-1.000000,-1.000000,-1.000000,-1.000000
22,7,858.013268,211.451381,19.155468,50.667348,-1.000000,-1.000000,-1.000000,-1.000000
23,7,856.175918,211.059632,19.634918,50.410825,-1.000000,-1.000000,-1.000000,-1.000000
24,7,853.853828,209.823537,20.268180,51.756782,-1.000000,-1.000000,-1.000000,-1.000000
25,7,851.533741,209.968428,20.958652,51.382850,-1.000000,-1.000000,-1.000000,-1.000000
26,7,849.289952,210.854388,19.328772,50.268799,-1.000000,-1.000000,-1.000000,-1.000000
27,7,847.727071,207.628356,19.960649,51.808810,-1.000000,-1.000000,-1.000000,-1.000000
28,7,847.497056,209.398792,19.955882,49.782897,-1.000000,-1.000000,-1.000000,-1.000000
29,7,847.022964,210.610111,19.199499,49.351547,-1.000000,-1.000000,-1.000000,-1.000000
30,7,846.591551,210.411062,19.149859,50.720278,-1.000000,-1.000000,-1.000000,-1.000000
31,7,846.059497,210.289192,19.102273,49.361326,-1.000000,-1.000000,-1.000000,-1.000000
32,7,845.447258,210.954974,18.751886,50.103270,-1.000000,-1.000000,-1.000000,-1.000000
33,7,844.277532,211.843190,19.374345,49.473360,-1.000000,-1.000000,-1.000000,-1.000000
34,7,844.623279,212.044262,18.983036,49.890233,-1.000000,-1.000000,-1.000000,-1.000000
35,7,844.658543,211.590718,17.985860,50.628130,-1.000000,-1.000000,-1.000000,-1.000000
36,7,843.764545,211.451716,18.019546,51.176323,-1.000000,-1.000000,-1.000000,-1.000000
37,7,841.503617,212.171075,18.319666,51.373093,-1.000000,-1.000000,-1.000000,-1.000000
38,7,840.194968,212.051535,18.794486,51.988017,-1.000000,-1.000000,-1.000000,-1.000000
39,7,837.823310,213.699644,20.102516,51.146618,-1.000000,-1.000000,-1.000000,-1.000000
40,7,836.259614,214.404351,18.514617,50.964236,-1.000000,-1.000000,-1.000000,-1.000000
41,7,835.824795,214.939574,17.974015,50.660789,-1.000000,-1.000000,-1.000000,-1.000000
42,7,833.258329,215.682494,19.194438,49.464318,-1.000000,-1.000000,-1.000000,-1.000000
43,7,832.825202,215.694400,18.434164,49.245233,-1.000000,-1.000000,-1.000000,-1.000000
44,7,829.035465,214.997161,20.147794,50.362190,-1.000000,-1.000000,-1.000000,-1.000000
45,7,827.730955,214.778787,20.952634,50.814598,-1.000000,-1.000000,-1.000000,-1.000000
46,7,827.502753,215.404255,20.674280,49.446046,-1.000000,-1.000000,-1.000000,-1.000000
47,7,827.999116,215.474466,17.387315,47.432726,-1.000000,-1.000000,-1.000000,-1.000000
48,7,827.461395,213.575781,18.463017,50.646485,-1.000000,-1.000000,-1.000000,-1.000000
49,7,827.467946,214.434433,18.186968,50.135438,-1.000000,-1.000000,-1.000000,-1.000000
50,7,826.675213,214.374496,18.211976,50.309642,-1.000000,-1.000000,-1.000000,-1.000000
1,8,1013.000000,193.000000,17.000000,46.000000,-1.000000,-1.000000,-1.000000,-1.000000
2,8,1011.820900,194.071800,17.157698,44.497877,-1.000000,-1.000000,-1.000000,-1.000000
3,8,1008.380688,192.383639,19.402882,47.687167,-1.000000,-1.000000,-1.000000,-1.000000
4,8,1004.718756,193.812434,19.751641,45.482812,-1.000000,-1.000000,-1.000000,-1.000000
5,8,1003.003394,193.851840,19.207405,43.631541,-1.000000,-1.000000,-1.000000,-1.000000
6,8,999.914564,191.762284,20.370954,44.173635,-1.000000,-1.000000,-1.000000,-1.000000
7,8,999.346857,191.533314,18.902867,44.865886,-1.000000,-1.000000,-1.000000,-1.000000
8,8,1000.322741,192.893770,17.234361,43.162675,-1.000000,-1.000000,-1.000000,-1.000000
9,8,1001.901152,192.669050,16.189802,45.125246,-1.000000,-1.000000,-1.000000,-1.000000
10,8,1002.478412,192.398309,17.652042,45.100327,-1.000000,-1.000000,-1.000000,-1.000000
11,8,1003.363651,193.294874,17.635046,44.962320,-1.000000,-1.000000,-1.000000,-1.000000
12,8,1003.686350,194.043422,17.654235,44.461439,-1.000000,-1.000000,-1.000000,-1.000000
13,8,1001.669348,191.815233,19.883435,48.246813,-1.000000,-1.000000,-1.000000,-1.000000
14,8,1004.189360,194.976539,18.075364,44.990783,-1.000000,-1.000000,-1.000000,-1.000000
15,8,1004.399220,194.149222,18.104809,46.040492,-1.000000,-1.000000,-1.000000,-1.000000
16,8,1003.788703,194.312381,18.024451,46.112306,-1.000000,-1.000000,-1.000000,-1.000000
17,8,1004.540313,194.417879,19.878581,48.617797,-1.000000,-1.000000,-1.000000,-1.000000
18,8,1007.227097,194.611693,18.712947,45.996230,-1.000000,-1.000000,-1.000000,-1.000000
19,8,1007.952529,195.411182,18.353068,45.189616,-1.000000,-1.000000,-1.000000,-1.000000
20,8,1008.310430,196.057603,18.321046,44.131286,-1.000000,-1.000000,-1.000000,-1.000000
21,8,1007.298034,195.811086,17.730536,44.937347,-1.000000,-1.000000,-1.000000,-1.000000
22,8,1005.144297,195.067358,17.799388,45.689912,-1.000000,-1.000000,-1.000000,-1.000000
23,8,1001.244200,194.244977,19.875254,46.673338,-1.000000,-1.000000,-1.000000,-1.000000
24,8,1001.941723,194.875769,17.520313,44.139056,-1.000000,-1.000000,-1.000000,-1.000000
25,8,997.768302,192.765009,18.864372,47.199688,-1.000000,-1.000000,-1.000000,-1.000000
26,8,993.451283,192.625061,19.568229,47.405169,-1.000000,-1.000000,-1.000000,-1.000000
27,8,993.001860,194.303470,19.660860,45.462500,-1.000000,-1.000000,-1.000000,-1.000000
28,8,992.787460,193.188573,20.161459,45.114044,-1.000000,-1.000000,-1.000000,-1.000000
29,8,992.508026,192.667061,20.786942,46.301097,-1.000000,-1.000000,-1.000000,-1.000000
30,8,992.170842,193.686478,20.858108,46.382411,-1.000000,-1.000000,-1.000000,-1.000000
31,8,992.080197,193.628269,20.665620,46.431143,-1.000000,-1.000000,-1.000000,-1.000000
32,8,992.112925,194.351344,18.462528,44.705579,-1.000000,-1.000000,-1.000000,-1.000000
33,8,991.847239,194.662912,17.874957,44.896922,-1.000000,-1.000000,-1.000000,-1.000000
34,8,992.866433,194.896652,16.844691,47.105309,-1.000000,-1.000000,-1.000000,-1.000000
35,8,993.405218,195.639262,16.040936,46.925338,-1.000000,-1.000000,-1.000000,-1.000000
36,8,991.459614,195.718045,17.275793,46.673932,-1.000000,-1.000000,-1.000000,-1.000000
37,8,991.046903,195.385865,16.841644,47.461449,-1.000000,-1.000000,-1.000000,-1.000000
38,8,988.546302,195.367779,19.133722,48.854750,-1.000000,-1.000000,-1.000000,-1.000000
39,8,988.094172,196.597921,17.160421,46.098322,-1.000000,-1.000000,-1.000000,-1.000000
40,8,986.088347,196.459835,18.346852,46.336441,-1.000000,-1.000000,-1.000000,-1.000000
41,8,986.181863,196.815503,17.673152,45.838656,-1.000000,-1.000000,-1.000000,-1.000000
42,8,985.620545,195.630424,16.043494,46.074502,-1.000000,-1.000000,-1.000000,-1.000000
43,8,983.174478,196.443893,17.919665,45.147584,-1.000000,-1.000000,-1.000000,-1.000000
44,8,981.764710,196.256252,18.947202,45.427548,-1.000000,-1.000000,-1.000000,-1.000000
45,8,981.267542,196.592381,18.845465,44.302432,-1.000000,-1.000000,-1.000000,-1.000000
46,8,980.927172,195.241542,19.677867,47.752526,-1.000000,-1.000000,-1.000000,-1.000000
47,8,981.191869,195.949000,18.934903,46.329944,-1.000000,-1.000000,-1.000000,-1.000000
48,8,980.976630,195.437391,18.922439,46.452519,-1.000000,-1.000000,-1.000000,-1.000000
49,8,980.772256,195.536423,18.713666,46.032059,-1.000000,-1.000000,-1.000000,-1.000000
50,8,980.355562,195.404908,19.014312,46.783670,-1.000000,-1.000000,-1.000000,-1.000000
1,9,1092.000000,159.000000,17.000000,50.000000,-1.000000,-1.000000,-1.000000,-1.000000
2,9,1090.905467,162.757359,15.628322,43.871913,-1.000000,-1.000000,-1.000000,-1.000000
3,9,1087.333536,162.827850,16.319652,45.173968,-1.000000,-1.000000,-1.000000,-1.000000
4,9,1083.682753,163.129401,16.985493,43.839991,-1.000000,-1.000000,-1.000000,-1.000000
5,9,1080.510336,161.632622,17.089020,45.780245,-1.000000,-1.000000,-1.000000,-1.000000
6,9,1077.326606,161.348376,17.251292,45.314718,-1.000000,-1.000000,-1.000000,-1.000000
7,9,1077.054090,158.672841,17.368881,47.929359,-1.000000,-1.000000,-1.000000,-1.000000
8,9,1076.891954,160.618014,17.160615,48.308958,-1.000000,-1.000000,-1.000000,-1.000000
9,9,1076.836765,161.887959,18.265879,47.069244,-1.000000,-1.000000,-1.000000,-1.000000
10,9,1077.910890,161.440801,17.286651,46.066238,-1.000000,-1.000000,-1.000000,-1.000000
11,9,1079.213350,161.469408,17.425640,46.438862,-1.000000,-1.000000,-1.000000,-1.000000
12,9,1081.071797,160.954770,16.438410,46.695560,-1.000000,-1.000000,-1.000000,-1.000000
13,9,1080.532226,162.324260,15.659238,45.448771,-1.000000,-1.000000,-1.000000,-1.000000
14,9,1080.815187,162.779981,15.505163,44.664455,-1.000000,-1.000000,-1.000000,-1.000000
15,9,1081.391365,164.223059,15.694966,43.382304,-1.000000,-1.000000,-1.000000,-1.000000
16,9,1081.271581,164.615147,16.557419,41.991859,-1.000000,-1.000000,-1.000000,-1.000000
17,9,1084.099987,164.679220,15.371944,41.358171,-1.000000,-1.000000,-1.000000,-1.000000
18,9,1084.965289,165.651112,15.454002,39.931909,-1.000000,-1.000000,-1.000000,-1.000000
19,9,1086.501744,165.213559,15.927599,42.306071,-1.000000,-1.000000,-1.000000,-1.000000
20,9,1085.306768,165.442049,15.687319,42.806597,-1.000000,-1.000000,-1.000000,-1.000000
21,9,1084.631602,165.282197,15.609774,43.154370,-1.000000,-1.000000,-1.000000,-1.000000
22,9,1082.800343,165.862482,14.972302,43.061016,-1.000000,-1.000000,-1.000000,-1.000000
23,9,1081.194622,164.792803,15.551797,42.699478,-1.000000,-1.000000,-1.000000,-1.000000
24,9,1079.627902,164.716730,14.598203,43.244755,-1.000000,-1.000000,-1.000000,-1.000000
25,9,1076.855053,165.161006,14.571207,41.344656,-1.000000,-1.000000,-1.000000,-1.000000
26,9,1073.508872,164.393202,16.092754,41.500760,-1.000000,-1.000000,-1.000000,-1.000000
27,9,1072.846127,163.252335,15.714232,42.778682,-1.000000,-1.000000,-1.000000,-1.000000
28,9,1072.676703,164.633631,15.382157,42.010128,-1.000000,-1.000000,-1.000000,-1.000000
29,9,1071.471421,164.074375,15.960904,42.259176,-1.000000,-1.000000,-1.000000,-1.000000
30,9,1071.736975,163.911790,15.247790,41.896672,-1.000000,-1.000000,-1.000000,-1.000000
31,9,1071.062360,164.073772,14.976202,41.915876,-1.000000,-1.000000,-1.000000,-1.000000
32,9,1071.479508,164.479303,13.909717,43.105012,-1.000000,-1.000000,-1.000000,-1.000000
33,9,1070.650720,164.359968,15.570268,44.761444,-1.000000,-1.000000,-1.000000,-1.000000
34,9,1070.236917,165.699359,15.354638,43.073183,-1.000000,-1.000000,-1.000000,-1.000000
35,9,1070.279641,165.215896,15.341379,42.998564,-1.000000,-1.000000,-1.000000,-1.000000
36,9,1068.881591,165.614388,16.209361,42.123827,-1.000000,-1.000000,-1.000000,-1.000000
37,9,1066.135963,165.963395,16.835561,42.746908,-1.000000,-1.000000,-1.000000,-1.000000
38,9,1064.330535,166.090186,18.155586,42.594903,-1.000000,-1.000000,-1.000000,-1.000000
39,9,1062.909353,166.950728,18.512131,41.873391,-1.000000,-1.000000,-1.000000,-1.000000
40,9,1060.292617,165.693002,18.436472,43.591741,-1.000000,-1.000000,-1.000000,-1.000000
41,9,1061.855179,166.797195,16.088524,41.222764,-1.000000,-1.000000,-1.000000,-1.000000
42,9,1059.939274,166.062646,17.039268,43.450898,-1.000000,-1.000000,-1.000000,-1.000000
43,9,1058.596867,165.661371,16.053055,43.446168,-1.000000,-1.000000,-1.000000,-1.000000
44,9,1057.534514,165.815660,15.758789,43.395650,-1.000000,-1.000000,-1.000000,-1.000000
45,9,1055.973048,165.072214,15.758215,43.746771,-1.000000,-1.000000,-1.000000,-1.000000
46,9,1056.377041,164.213208,14.829969,44.115069,-1.000000,-1.000000,-1.000000,-1.000000
47,9,1056.152500,165.005370,15.417554,44.440817,-1.000000,-1.000000,-1.000000,-1.000000
48,9,1055.802252,165.203486,14.469372,42.436452,-1.000000,-1.000000,-1.000000,-1.000000
49,9,1055.644753,165.437079,14.053874,41.572494,-1.000000,-1.000000,-1.000000,-1.000000
50,9,1055.406552,165.528934,14.002775,41.572688,-1.000000,-1.000000,-1.000000,-1.000000
1,10,1070.000000,152.000000,14.000000,48.000000,-1.000000,-1.000000,-1.000000,-1.000000
2,10,1068.914469,153.101880,13.718196,45.987774,-1.000000,-1.000000,-1.000000,-1.000000
3,10,1066.166714,154.180567,14.474867,44.255045,-1.000000,-1.000000,-1.000000,-1.000000
4,10,1062.879861,153.503128,14.120820,44.625832,-1.000000,-1.000000,-1.000000,-1.000000
5,10,1060.477648,153.951945,14.184211,44.566692,-1.000000,-1.000000,-1.000000,-1.000000
6,10,1058.584404,152.601940,14.652252,44.343561,-1.000000,-1.000000,-1.000000,-1.000000
7,10,1055.551002,151.920591,16.317993,45.026083,-1.000000,-1.000000,-1.000000,-1.000000
8,10,1053.831757,150.485985,17.663220,47.710697,-1.000000,-1.000000,-1.000000,-1.000000
9,10,1052.893544,150.969278,17.843909,47.384154,-1.000000,-1.000000,-1.000000,-1.000000
10,10,1057.161570,152.941885,15.571298,43.769882,-1.000000,-1.000000,-1.000000,-1.000000
11,10,1057.413834,153.645649,15.010972,44.323118,-1.000000,-1.000000,-1.000000,-1.000000
12,10,1059.868815,154.958800,14.628674,46.239896,-1.000000,-1.000000,-1.000000,-1.000000
13,10,1058.844551,155.966485,17.245492,45.232923,-1.000000,-1.000000,-1.000000,-1.000000
14,10,1060.335564,156.587895,14.715043,44.497458,-1.000000,-1.000000,-1.000000,-1.000000
15,10,1061.902303,156.740918,15.020528,42.264442,-1.000000,-1.000000,-1.000000,-1.000000
16,10,1062.724405,156.193985,15.630786,42.932995,-1.000000,-1.000000,-1.000000,-1.000000
17,10,1068.000000,166.000000,14.000000,39.000000,-1.000000,-1.000000,-1.000000,-1.000000
18,10,1068.899122,166.016707,14.239241,39.137977,-1.000000,-1.000000,-1.000000,-1.000000
19,10,1069.801349,166.790065,14.907787,38.345533,-1.000000,-1.000000,-1.000000,-1.000000
20,10,1068.496344,167.317113,15.400231,37.867920,-1.000000,-1.000000,-1.000000,-1.000000
21,10,1066.010320,167.045592,17.190949,38.736134,-1.000000,-1.000000,-1.000000,-1.000000
22,10,1062.335445,167.221452,18.679981,37.291602,-1.000000,-1.000000,-1.000000,-1.000000
23,10,1061.406948,165.401353,17.340388,38.465671,-1.000000,-1.000000,-1.000000,-1.000000
24,10,1060.575919,165.700768,15.896623,36.473034,-1.000000,-1.000000,-1.000000,-1.000000
25,10,1058.107427,166.016319,15.643848,35.982451,-1.000000,-1.000000,-1.000000,-1.000000
26,10,1055.366325,165.515736,16.476633,37.143174,-1.000000,-1.000000,-1.000000,-1.000000
27,10,1053.639236,165.638051,16.903033,37.748945,-1.000000,-1.000000,-1.000000,-1.000000
28,10,1052.246021,165.376250,17.420831,38.130964,-1.000000,-1.000000,-1.000000,-1.000000
29,10,1052.816510,165.836125,16.830738,37.085032,-1.000000,-1.000000,-1.000000,-1.000000
30,10,1051.824678,164.952766,17.280519,39.639822,-1.000000,-1.000000,-1.000000,-1.000000
31,10,1051.831827,166.452852,15.734370,38.256234,-1.000000,-1.000000,-1.000000,-1.000000
32,10,1052.965394,166.192296,14.678127,39.011752,-1.000000,-1.000000,-1.000000,-1.000000
33,10,1051.536174,166.672484,15.010643,38.501154,-1.000000,-1.000000,-1.000000,-1.000000
34,10,1051.706339,167.560604,13.863237,38.729204,-1.000000,-1.000000,-1.000000,-1.000000
35,10,1051.958103,166.018693,14.364130,41.351777,-1.000000,-1.000000,-1.000000,-1.000000
36,10,1050.771493,166.751006,14.437076,39.853499,-1.000000,-1.000000,-1.000000,-1.000000
37,10,1050.317306,167.013201,13.794364,38.144639,-1.000000,-1.000000,-1.000000,-1.000000
38,10,1049.199461,167.602387,13.591266,38.089097,-1.000000,-1.000000,-1.000000,-1.000000
39,10,1046.402807,166.031973,15.084545,39.144268,-1.000000,-1.000000,-1.000000,-1.000000
40,10,1044.685529,167.300607,14.885549,39.015513,-1.000000,-1.000000,-1.000000,-1.000000
41,10,1043.971432,167.876364,13.706258,37.245439,-1.000000,-1.000000,-1.000000,-1.000000
42,10,1042.722150,167.101282,13.870228,38.286210,-1.000000,-1.000000,-1.000000,-1.000000
43,10,1040.888880,167.004651,14.152048,39.543617,-1.000000,-1.000000,-1.000000,-1.000000
44,10,1038.599409,167.287184,14.174089,38.372072,-1.000000,-1.000000,-1.000000,-1.000000
45,10,1037.634100,166.938476,14.750547,39.938376,-1.000000,-1.000000,-1.000000,-1.000000
46,10,1037.628163,166.818122,14.869440,39.295178,-1.000000,-1.000000,-1.000000,-1.000000
47,10,1036.251645,167.155240,15.561842,39.806167,-1.000000,-1.000000,-1.000000,-1.000000
48,10,1036.483664,167.050386,15.390588,39.013339,-1.000000,-1.000000,-1.000000,-1.000000
49,10,1036.648635,167.941025,14.610522,38.133165,-1.000000,-1.000000,-1.000000,-1.000000
50,10,1035.263674,167.271720,14.321216,38.932689,-1.000000,-1.000000,-1.000000,-1.000000
1,11,896.000000,213.000000,18.000000,35.000000,-1.000000,-1.000000,-1.000000,-1.000000
2,11,894.830013,213.508880,18.860062,33.034855,-1.000000,-1.000000,-1.000000,-1.000000
3,11,891.899613,214.439349,17.325801,32.979296,-1.000000,-1.000000,-1.000000,-1.000000
4,11,889.106444,213.192952,17.674856,33.722066,-1.000000,-1.000000,-1.000000,-1.000000
5,11,885.224080,211.253955,19.754491,36.925827,-1.000000,-1.000000,-1.000000,-1.000000
6,11,884.200370,211.613800,17.654944,36.372739,-1.000000,-1.000000,-1.000000,-1.000000
7,11,882.455472,210.783552,17.449677,37.742630,-1.000000,-1.000000,-1.000000,-1.000000
8,11,882.218342,211.359892,17.595648,37.422882,-1.000000,-1.000000,-1.000000,-1.000000
9,11,882.798167,213.620929,17.225749,43.336419,-1.000000,-1.000000,-1.000000,-1.000000
10,11,882.000431,213.862323,18.308807,47.297998,-1.000000,-1.000000,-1.000000,-1.000000
11,11,882.673761,215.348530,18.551845,45.293601,-1.000000,-1.000000,-1.000000,-1.000000
12,11,883.204712,215.654304,19.261112,44.629777,-1.000000,-1.000000,-1.000000,-1.000000
13,11,880.599902,216.513187,20.516760,44.686771,-1.000000,-1.000000,-1.000000,-1.000000
14,11,880.300451,216.762719,22.134216,45.337159,-1.000000,-1.000000,-1.000000,-1.000000
15,11,880.405385,217.657772,21.541580,43.999135,-1.000000,-1.000000,-1.000000,-1.000000
16,11,881.198726,216.764763,20.527157,44.391929,-1.000000,-1.000000,-1.000000,-1.000000
17,11,881.587168,217.210207,21.229258,45.393273,-1.000000,-1.000000,-1.000000,-1.000000
18,11,884.025703,216.560231,19.402201,44.552866,-1.000000,-1.000000,-1.000000,-1.000000
19,11,884.711068,215.098460,19.444400,47.466522,-1.000000,-1.000000,-1.000000,-1.000000
20,11,884.048041,215.709080,20.115834,47.014342,-1.000000,-1.000000,-1.000000,-1.000000
21,11,883.565756,215.677883,18.548074,47.111053,-1.000000,-1.000000,-1.000000,-1.000000
22,11,881.434198,215.428266,18.476487,46.493550,-1.000000,-1.000000,-1.000000,-1.000000
23,11,878.637850,215.637272,19.107152,46.103632,-1.000000,-1.000000,-1.000000,-1.000000
24,11,877.936897,214.215663,17.496881,46.640216,-1.000000,-1.000000,-1.000000,-1.000000
25,11,874.309388,213.220100,18.517225,49.121596,-1.000000,-1.000000,-1.000000,-1.000000
26,11,871.064210,214.053546,18.022541,43.088195,-1.000000,-1.000000,-1.000000,-1.000000
27,11,870.704415,212.875994,18.255239,46.476940,-1.000000,-1.000000,-1.000000,-1.000000
28,11,870.692619,214.195180,17.503102,47.094261,-1.000000,-1.000000,-1.000000,-1.000000
29,11,870.966460,214.744179,15.505109,48.507723,-1.000000,-1.000000,-1.000000,-1.000000
30,11,869.646460,215.563436,16.018846,48.465639,-1.000000,-1.000000,-1.000000,-1.000000
31,11,868.742926,215.574564,16.090478,47.474099,-1.000000,-1.000000,-1.000000,-1.000000
32,11,868.540041,216.513068,16.134027,47.056510,-1.000000,-1.000000,-1.000000,-1.000000
33,11,867.608891,216.192546,16.413067,48.594576,-1.000000,-1.000000,-1.000000,-1.000000
34,11,867.098692,217.575744,17.003527,48.708327,-1.000000,-1.000000,-1.000000,-1.000000
35,11,867.226559,217.569417,17.466353,49.290113,-1.000000,-1.000000,-1.000000,-1.000000
36,11,865.414991,217.215555,17.451596,48.935633,-1.000000,-1.000000,-1.000000,-1.000000
37,11,862.975832,216.782115,19.577373,51.577531,-1.000000,-1.000000,-1.000000,-1.000000
38,11,860.602409,216.908666,20.503854,50.999133,-1.000000,-1.000000,-1.000000,-1.000000
39,11,860.100603,216.805025,18.543446,50.928758,-1.000000,-1.000000,-1.000000,-1.000000
40,11,859.105159,217.344698,18.880482,51.186102,-1.000000,-1.000000,-1.000000,-1.000000
41,11,856.529621,217.590594,20.078864,42.891819,-1.000000,-1.000000,-1.000000,-1.000000
42,11,855.543069,216.860942,20.663749,42.652803,-1.000000,-1.000000,-1.000000,-1.000000
43,11,853.385703,215.903871,20.503314,43.050645,-1.000000,-1.000000,-1.000000,-1.000000
44,11,853.769327,215.543829,16.517749,47.188191,-1.000000,-1.000000,-1.000000,-1.000000
45,11,852.853133,215.517439,16.524585,44.351177,-1.000000,-1.000000,-1.000000,-1.000000
46,11,851.264285,216.533906,19.808559,48.673246,-1.000000,-1.000000,-1.000000,-1.000000
47,11,851.979513,216.462253,16.958323,40.492423,-1.000000,-1.000000,-1.000000,-1.000000
48,11,849.169717,217.164501,20.268052,42.414701,-1.000000,-1.000000,-1.000000,-1.000000
49,11,848.036687,216.690760,21.368208,42.047177,-1.000000,-1.000000,-1.000000,-1.000000
50,11,846.864727,217.247685,22.238167,42.448599,-1.000000,-1.000000,-1.000000,-1.000000
1,12,899.000000,251.000000,25.000000,59.000000,-1.000000,-1.000000,-1.000000,-1.000000
2,12,897.936056,249.432973,24.407003,60.631546,-1.000000,-1.000000,-1.000000,-1.000000
3,12,894.767891,251.557257,23.944953,58.989304,-1.000000,-1.000000,-1.000000,-1.000000
4,12,891.596582,254.417583,23.508559,56.378903,-1.000000,-1.000000,-1.000000,-1.000000
5,12,889.154855,253.551854,23.786520,56.743090,-1.000000,-1.000000,-1.000000,-1.000000
6,12,885.820050,253.466509,22.859219,56.773435,-1.000000,-1.000000,-1.000000,-1.000000
7,12,883.596483,252.588683,25.001876,58.043150,-1.000000,-1.000000,-1.000000,-1.000000
8,12,883.766159,252.664759,25.441663,58.379004,-1.000000,-1.000000,-1.000000,-1.000000
9,12,884.373090,253.496853,24.883384,57.926535,-1.000000,-1.000000,-1.000000,-1.000000
10,12,885.780170,254.534987,24.508114,59.605539,-1.000000,-1.000000,-1.000000,-1.000000
11,12,885.150321,254.178937,24.593469,60.426270,-1.000000,-1.000000,-1.000000,-1.000000
12,12,886.049551,254.348838,23.958764,59.913865,-1.000000,-1.000000,-1.000000,-1.000000
13,12,886.097962,253.855152,23.593590,61.743281,-1.000000,-1.000000,-1.000000,-1.000000
14,12,886.812847,254.743001,22.667656,60.289439,-1.000000,-1.000000,-1.000000,-1.000000
15,12,886.685402,254.471979,22.786678,60.533366,-1.000000,-1.000000,-1.000000,-1.000000
16,12,887.379847,254.682429,22.812068,61.069221,-1.000000,-1.000000,-1.000000,-1.000000
17,12,888.669474,254.251852,22.806708,61.292949,-1.000000,-1.000000,-1.000000,-1.000000
18,12,890.772755,255.790975,22.482771,61.065079,-1.000000,-1.000000,-1.000000,-1.000000
19,12,890.767368,254.632011,23.451337,62.104650,-1.000000,-1.000000,-1.000000,-1.000000
20,12,890.256281,256.122085,23.299331,60.977896,-1.000000,-1.000000,-1.000000,-1.000000
21,12,888.457118,258.013978,23.284798,59.074798,-1.000000,-1.000000,-1.000000,-1.000000
22,12,887.070242,257.172657,23.650250,59.557443,-1.000000,-1.000000,-1.000000,-1.000000
23,12,885.897298,256.565861,24.171080,63.404931,-1.000000,-1.000000,-1.000000,-1.000000
24,12,884.218480,257.343180,22.280574,61.179515,-1.000000,-1.000000,-1.000000,-1.000000
25,12,882.820953,257.344004,20.325413,60.766931,-1.000000,-1.000000,-1.000000,-1.000000
26,12,879.286703,255.399399,22.122476,63.729865,-1.000000,-1.000000,-1.000000,-1.000000
27,12,878.192441,256.317030,22.405885,61.969448,-1.000000,-1.000000,-1.000000,-1.000000
28,12,878.523736,258.038783,22.400075,60.743315,-1.000000,-1.000000,-1.000000,-1.000000
29,12,879.378145,258.090904,20.873730,61.025192,-1.000000,-1.000000,-1.000000,-1.000000
30,12,877.607282,258.567326,21.212279,60.892636,-1.000000,-1.000000,-1.000000,-1.000000
31,12,877.232899,258.549898,21.743049,60.450369,-1.000000,-1.000000,-1.000000,-1.000000
32,12,875.957149,258.986429,22.676023,61.209037,-1.000000,-1.000000,-1.000000,-1.000000
33,12,875.895932,259.719366,22.285475,59.171132,-1.000000,-1.000000,-1.000000,-1.000000
34,12,874.897226,260.318976,23.467177,58.633332,-1.000000,-1.000000,-1.000000,-1.000000
35,12,874.401999,261.554918,23.326576,57.821609,-1.000000,-1.000000,-1.000000,-1.000000
36,12,873.705245,261.115403,23.913331,58.296588,-1.000000,-1.000000,-1.000000,-1.000000
37,12,871.003371,261.234962,23.644989,58.900606,-1.000000,-1.000000,-1.000000,-1.000000
38,12,870.394005,261.293435,23.140114,57.290923,-1.000000,-1.000000,-1.000000,-1.000000
39,12,867.148169,262.987907,25.042086,57.856333,-1.000000,-1.000000,-1.000000,-1.000000
40,12,864.697528,263.702604,25.510495,55.134750,-1.000000,-1.000000,-1.000000,-1.000000
41,12,863.314659,265.214983,26.314853,54.102649,-1.000000,-1.000000,-1.000000,-1.000000
42,12,862.133056,264.336861,25.884156,56.459240,-1.000000,-1.000000,-1.000000,-1.000000
43,12,860.528894,263.928668,24.350188,57.443407,-1.000000,-1.000000,-1.000000,-1.000000
44,12,858.566562,262.966376,24.788076,59.969205,-1.000000,-1.000000,-1.000000,-1.000000
45,12,856.780718,262.783230,24.297741,60.082891,-1.000000,-1.000000,-1.000000,-1.000000
46,12,856.908443,263.146109,24.094638,60.712242,-1.000000,-1.000000,-1.000000,-1.000000
47,12,856.986927,262.834805,24.241716,59.889267,-1.000000,-1.000000,-1.000000,-1.000000
48,12,856.017979,261.806525,24.321899,61.230880,-1.000000,-1.000000,-1.000000,-1.000000
49,12,855.638112,261.564236,24.308010,61.766649,-1.000000,-1.000000,-1.000000,-1.000000
50,12,855.453548,261.705366,23.966484,61.201253,-1.000000,-1.000000,-1.000000,-1.000000
1,13,1104.000000,101.000000,12.000000,28.000000,-1.000000,-1.000000,-1.000000,-1.000000
2,13,1102.322138,100.389612,12.437000,30.601128,-1.000000,-1.000000,-1.000000,-1.000000
3,13,1098.867895,100.376625,12.504915,31.885698,-1.000000,-1.000000,-1.000000,-1.000000
4,13,1095.283477,100.804062,13.500852,31.886668,-1.000000,-1.000000,-1.000000,-1.000000
5,13,1093.342151,99.697238,12.445039,31.390842,-1.000000,-1.000000,-1.000000,-1.000000
6,13,1089.410218,99.647062,13.229423,29.277412,-1.000000,-1.000000,-1.000000,-1.000000
7,13,1087.628922,97.999539,14.078427,30.813811,-1.000000,-1.000000,-1.000000,-1.000000
8,13,1087.691765,97.646456,13.131499,31.906391,-1.000000,-1.000000,-1.000000,-1.000000
9,13,1088.150026,97.467753,13.261961,32.020017,-1.000000,-1.000000,-1.000000,-1.000000
10,13,1088.371940,97.737700,13.592850,31.539270,-1.000000,-1.000000,-1.000000,-1.000000
11,13,1088.799817,97.842063,13.227946,31.273196,-1.000000,-1.000000,-1.000000,-1.000000
12,13,1089.484575,98.212892,13.809410,30.714701,-1.000000,-1.000000,-1.000000,-1.000000
13,13,1090.156808,99.088565,12.950620,29.649206,-1.000000,-1.000000,-1.000000,-1.000000
14,13,1089.304231,98.816277,13.140973,30.443972,-1.000000,-1.000000,-1.000000,-1.000000
15,13,1088.680361,98.482194,14.230831,30.840562,-1.000000,-1.000000,-1.000000,-1.000000
16,13,1088.986128,99.596919,14.024757,29.996094,-1.000000,-1.000000,-1.000000,-1.000000
17,13,1090.920684,97.385689,13.630196,32.530907,-1.000000,-1.000000,-1.000000,-1.000000
18,13,1092.173392,95.763948,15.025357,34.995422,-1.000000,-1.000000,-1.000000,-1.000000
19,13,1092.787727,97.280115,13.106101,30.384437,-1.000000,-1.000000,-1.000000,-1.000000
20,13,1092.616474,95.308351,15.140546,34.209033,-1.000000,-1.000000,-1.000000,-1.000000
21,13,1092.505795,97.316356,9.972088,30.110720,-1.000000,-1.000000,-1.000000,-1.000000
22,13,1090.082182,95.185354,11.331666,34.186060,-1.000000,-1.000000,-1.000000,-1.000000
23,13,1088.807799,95.421794,9.788774,32.690743,-1.000000,-1.000000,-1.000000,-1.000000
24,13,1084.254623,95.936906,15.575170,28.877913,-1.000000,-1.000000,-1.000000,-1.000000
25,13,1083.733262,95.780238,9.862668,29.793403,-1.000000,-1.000000,-1.000000,-1.000000
26,13,1079.636653,94.279360,12.461406,30.666301,-1.000000,-1.000000,-1.000000,-1.000000
27,13,1078.080604,93.469316,13.996949,31.668287,-1.000000,-1.000000,-1.000000,-1.000000
28,13,1077.739319,94.204759,14.280734,29.632069,-1.000000,-1.000000,-1.000000,-1.000000
29,13,1076.427109,93.806743,14.331433,29.954317,-1.000000,-1.000000,-1.000000,-1.000000
30,13,1076.727809,93.227819,13.820371,31.547360,-1.000000,-1.000000,-1.000000,-1.000000
31,13,1076.557126,93.169393,12.328051,32.864529,-1.000000,-1.000000,-1.000000,-1.000000
32,13,1075.275688,92.962410,14.001602,33.301776,-1.000000,-1.000000,-1.000000,-1.000000
33,13,1074.154875,92.564545,14.219447,32.293410,-1.000000,-1.000000,-1.000000,-1.000000
34,13,1074.679527,93.092825,13.015963,31.988707,-1.000000,-1.000000,-1.000000,-1.000000
35,13,1074.249932,92.884860,13.790151,31.756561,-1.000000,-1.000000,-1.000000,-1.000000
36,13,1072.110760,92.761288,14.210996,31.743561,-1.000000,-1.000000,-1.000000,-1.000000
37,13,1070.359887,92.734613,14.922647,31.751035,-1.000000,-1.000000,-1.000000,-1.000000
38,13,1068.637854,93.430149,14.166858,31.042761,-1.000000,-1.000000,-1.000000,-1.000000
39,13,1065.056116,94.261191,17.757644,30.600123,-1.000000,-1.000000,-1.000000,-1.000000
40,13,1062.829919,93.555285,19.085512,31.069270,-1.000000,-1.000000,-1.000000,-1.000000
41,13,1062.431160,92.418246,19.373985,31.532412,-1.000000,-1.000000,-1.000000,-1.000000
42,13,1060.041142,91.929792,18.791511,33.704200,-1.000000,-1.000000,-1.000000,-1.000000
43,13,1059.629134,92.193473,15.037018,31.635516,-1.000000,-1.000000,-1.000000,-1.000000
44,13,1057.993411,92.581605,14.737848,31.518573,-1.000000,-1.000000,-1.000000,-1.000000
45,13,1057.976016,91.125139,14.602406,32.479576,-1.000000,-1.000000,-1.000000,-1.000000
46,13,1057.852880,91.556766,13.905848,31.170434,-1.000000,-1.000000,-1.000000,-1.000000
47,13,1057.432231,90.077171,13.877848,32.691271,-1.000000,-1.000000,-1.000000,-1.000000
48,13,1058.014180,90.230405,11.814752,31.712942,-1.000000,-1.000000,-1.000000,-1.000000
49,13,1057.905433,89.610900,11.432369,32.692881,-1.000000,-1.000000,-1.000000,-1.000000
50,13,1057.357491,89.862615,10.895929,32.259293,-1.000000,-1.000000,-1.000000,-1.000000
1,14,566.000000,84.000000,12.000000,35.000000,-1.000000,-1.000000,-1.000000,-1.000000
2,14,565.312015,85.095161,12.255014,34.121577,-1.000000,-1.000000,-1.000000,-1.000000
3,14,562.989545,85.263003,12.368271,31.166575,-1.000000,-1.000000,-1.000000,-1.000000
4,14,559.477016,84.024259,13.553679,30.740534,-1.000000,-1.000000,-1.000000,-1.000000
5,14,557.282378,83.251709,15.077567,28.290636,-1.000000,-1.000000,-1.000000,-1.000000
6,14,554.047317,81.977736,16.948350,32.546484,-1.000000,-1.000000,-1.000000,-1.000000
7,14,553.592283,81.792054,17.712349,34.063428,-1.000000,-1.000000,-1.000000,-1.000000
8,14,554.843405,82.502507,15.301360,35.284292,-1.000000,-1.000000,-1.000000,-1.000000
9,14,556.663322,83.160529,13.848375,32.771630,-1.000000,-1.000000,-1.000000,-1.000000
10,14,558.303893,82.095735,14.297418,36.016133,-1.000000,-1.000000,-1.000000,-1.000000
11,14,560.079708,84.468579,13.926749,34.069561,-1.000000,-1.000000,-1.000000,-1.000000
12,14,561.737342,84.377434,13.639933,33.567120,-1.000000,-1.000000,-1.000000,-1.000000
13,14,562.532294,83.346652,13.600477,32.553372,-1.000000,-1.000000,-1.000000,-1.000000
14,14,563.269970,83.081718,14.011979,35.042899,-1.000000,-1.000000,-1.000000,-1.000000
15,14,563.965033,83.145814,13.045662,33.716586,-1.000000,-1.000000,-1.000000,-1.000000
16,14,565.896902,83.471489,12.606314,32.118095,-1.000000,-1.000000,-1.000000,-1.000000
17,14,566.949610,82.501333,13.558075,34.455509,-1.000000,-1.000000,-1.000000,-1.000000
18,14,569.741684,82.212163,13.395049,34.588031,-1.000000,-1.000000,-1.000000,-1.000000
19,14,570.195758,82.480486,14.567084,33.031981,-1.000000,-1.000000,-1.000000,-1.000000
20,14,570.343687,81.358606,14.679921,35.073059,-1.000000,-1.000000,-1.000000,-1.000000
21,14,570.582213,81.378647,12.358037,33.728431,-1.000000,-1.000000,-1.000000,-1.000000
22,14,569.428522,81.979699,14.110595,35.475730,-1.000000,-1.000000,-1.000000,-1.000000
23,14,568.906916,80.818984,11.307153,34.229195,-1.000000,-1.000000,-1.000000,-1.000000
24,14,567.501186,80.092793,12.976563,34.401475,-1.000000,-1.000000,-1.000000,-1.000000
25,14,565.022874,80.127994,12.486868,32.725710,-1.000000,-1.000000,-1.000000,-1.000000
26,14,563.036464,78.830456,12.665452,33.948898,-1.000000,-1.000000,-1.000000,-1.000000
27,14,561.724482,78.947346,13.658446,32.819974,-1.000000,-1.000000,-1.000000,-1.000000
28,14,561.577574,78.945098,15.097070,33.156197,-1.000000,-1.000000,-1.000000,-1.000000
29,14,561.314272,78.589287,14.523577,32.248831,-1.000000,-1.000000,-1.000000,-1.000000
30,14,560.930800,78.926901,14.765194,32.337870,-1.000000,-1.000000,-1.000000,-1.000000
31,14,560.963997,77.406713,15.699620,35.117143,-1.000000,-1.000000,-1.000000,-1.000000
32,14,560.457885,75.898389,16.159768,36.448533,-1.000000,-1.000000,-1.000000,-1.000000
33,14,561.101844,77.728884,14.949589,33.660817,-1.000000,-1.000000,-1.000000,-1.000000
34,14,562.342863,77.025361,14.533632,34.747111,-1.000000,-1.000000,-1.000000,-1.000000
35,14,563.724447,77.655823,12.935792,34.909672,-1.000000,-1.000000,-1.000000,-1.000000
36,14,562.889759,77.526202,12.419579,34.575148,-1.000000,-1.000000,-1.000000,-1.000000
37,14,561.947392,77.277194,12.971134,34.951361,-1.000000,-1.000000,-1.000000,-1.000000
38,14,561.392560,78.311272,12.123773,33.844284,-1.000000,-1.000000,-1.000000,-1.000000
39,14,559.410940,77.076809,14.070662,34.235811,-1.000000,-1.000000,-1.000000,-1.000000
40,14,557.161406,78.071345,15.140032,33.487312,-1.000000,-1.000000,-1.000000,-1.000000
41,14,558.086243,77.442953,14.291711,33.436381,-1.000000,-1.000000,-1.000000,-1.000000
42,14,557.019117,78.096013,14.175236,32.945341,-1.000000,-1.000000,-1.000000,-1.000000
43,14,557.038840,77.127768,13.881073,32.293531,-1.000000,-1.000000,-1.000000,-1.000000
44,14,555.518970,76.298793,12.930879,33.902604,-1.000000,-1.000000,-1.000000,-1.000000
45,14,556.212428,76.215567,13.388375,34.549079,-1.000000,-1.000000,-1.000000,-1.000000
46,14,556.668722,77.011537,13.332037,33.676024,-1.000000,-1.000000,-1.000000,-1.000000
47,14,556.538534,76.644109,13.611477,32.495016,-1.000000,-1.000000,-1.000000,-1.000000
48,14,556.566445,76.710255,13.806148,32.027572,-1.000000,-1.000000,-1.000000,-1.000000
49,14,556.793303,76.901251,13.870932,31.717317,-1.000000,-1.000000,-1.000000,-1.000000
50,14,556.447183,76.821239,14.017413,31.811594,-1.000000,-1.000000,-1.000000,-1.000000
1,15,820.000000,121.000000,20.000000,36.000000,-1.000000,-1.000000,-1.000000,-1.000000
2,15,819.664742,121.093145,18.617966,35.135226,-1.000000,-1.000000,-1.000000,-1.000000
3,15,815.618798,121.293829,19.166515,35.106322,-1.000000,-1.000000,-1.000000,-1.000000
4,15,812.368399,121.649017,19.522219,35.244762,-1.000000,-1.000000,-1.000000,-1.000000
5,15,810.938605,121.171284,19.589535,35.121400,-1.000000,-1.000000,-1.000000,-1.000000
6,15,808.279052,119.978601,18.393675,35.035231,-1.000000,-1.000000,-1.000000,-1.000000
7,15,805.573804,118.551327,17.703351,35.330012,-1.000000,-1.000000,-1.000000,-1.000000
8,15,805.910527,118.994036,16.423556,36.107378,-1.000000,-1.000000,-1.000000,-1.000000
9,15,806.076946,119.203872,17.575020,37.571661,-1.000000,-1.000000,-1.000000,-1.000000
10,15,808.022287,119.714186,14.411372,35.826198,-1.000000,-1.000000,-1.000000,-1.000000
11,15,808.715186,119.848666,13.171931,34.639325,-1.000000,-1.000000,-1.000000,-1.000000
12,15,808.858643,119.101925,12.895019,36.393859,-1.000000,-1.000000,-1.000000,-1.000000
13,15,808.873896,119.640697,12.489409,36.621304,-1.000000,-1.000000,-1.000000,-1.000000
14,15,807.893183,120.145696,13.237067,35.602861,-1.000000,-1.000000,-1.000000,-1.000000
15,15,806.538080,120.222741,15.720387,35.368316,-1.000000,-1.000000,-1.000000,-1.000000
16,15,805.704338,119.833816,17.492808,35.275676,-1.000000,-1.000000,-1.000000,-1.000000
17,15,805.490121,120.443091,19.195279,35.339847,-1.000000,-1.000000,-1.000000,-1.000000
18,15,807.208080,119.433891,19.578822,35.938895,-1.000000,-1.000000,-1.000000,-1.000000
19,15,808.278420,119.998547,18.492354,35.244057,-1.000000,-1.000000,-1.000000,-1.000000
20,15,806.540590,118.983159,20.204924,35.347355,-1.000000,-1.000000,-1.000000,-1.000000
21,15,805.142323,119.317321,20.033441,35.358263,-1.000000,-1.000000,-1.000000,-1.000000
22,15,803.184072,119.097297,19.992241,35.439802,-1.000000,-1.000000,-1.000000,-1.000000
23,15,801.111938,118.721074,20.438884,36.424211,-1.000000,-1.000000,-1.000000,-1.000000
24,15,799.753911,117.503512,20.678387,36.579496,-1.000000,-1.000000,-1.000000,-1.000000
25,15,796.974511,116.801205,17.281704,35.136503,-1.000000,-1.000000,-1.000000,-1.000000
26,15,796.423155,117.064961,16.285676,35.155655,-1.000000,-1.000000,-1.000000,-1.000000
27,15,795.519577,116.259180,15.342961,36.297712,-1.000000,-1.000000,-1.000000,-1.000000
28,15,794.283759,115.735111,15.238584,36.112814,-1.000000,-1.000000,-1.000000,-1.000000
29,15,793.538906,115.581882,13.869630,36.437820,-1.000000,-1.000000,-1.000000,-1.000000
30,15,791.817147,115.567576,14.633835,37.031973,-1.000000,-1.000000,-1.000000,-1.000000
31,15,791.347405,115.811937,14.588070,36.492544,-1.000000,-1.000000,-1.000000,-1.000000
32,15,790.323154,116.423270,14.819372,35.619652,-1.000000,-1.000000,-1.000000,-1.000000
33,15,788.190913,117.211714,16.614984,35.090225,-1.000000,-1.000000,-1.000000,-1.000000
34,15,788.321908,117.311732,17.546989,34.836555,-1.000000,-1.000000,-1.000000,-1.000000
35,15,787.356721,117.690691,18.361670,35.387288,-1.000000,-1.000000,-1.000000,-1.000000
36,15,785.140557,117.963100,18.447841,34.058995,-1.000000,-1.000000,-1.000000,-1.000000
37,15,783.793059,116.284941,18.442013,36.214815,-1.000000,-1.000000,-1.000000,-1.000000
38,15,783.732346,116.707974,17.519643,36.032091,-1.000000,-1.000000,-1.000000,-1.000000
39,15,781.946159,118.145898,16.730797,34.266609,-1.000000,-1.000000,-1.000000,-1.000000
40,15,780.353082,117.028989,17.592812,35.379519,-1.000000,-1.000000,-1.000000,-1.000000
41,15,779.660315,117.515665,16.782675,34.966055,-1.000000,-1.000000,-1.000000,-1.000000
42,15,778.964270,116.845675,15.545455,34.594452,-1.000000,-1.000000,-1.000000,-1.000000
43,15,777.088013,117.023412,15.615109,35.754761,-1.000000,-1.000000,-1.000000,-1.000000
44,15,776.423694,116.245444,14.746810,35.549295,-1.000000,-1.000000,-1.000000,-1.000000
45,15,774.444304,115.874329,15.412399,36.169731,-1.000000,-1.000000,-1.000000,-1.000000
46,15,774.674969,115.784419,15.598429,35.150542,-1.000000,-1.000000,-1.000000,-1.000000
47,15,773.463702,115.986635,15.820753,35.923434,-1.000000,-1.000000,-1.000000,-1.000000
48,15,771.663622,115.744751,16.789510,35.004097,-1.000000,-1.000000,-1.000000,-1.000000
49,15,771.031994,115.794537,17.441977,34.897654,-1.000000,-1.000000,-1.000000,-1.000000
50,15,771.225063,115.375112,17.971100,35.234821,-1.000000,-1.000000,-1.000000,-1.000000
1,16,905.000000,121.000000,12.000000,38.000000,-1.000000,-1.000000,-1.000000,-1.000000
2,16,904.939563,121.538620,11.771948,37.140843,-1.000000,-1.000000,-1.000000,-1.000000
3,16,901.093917,122.262956,13.340436,37.752274,-1.000000,-1.000000,-1.000000,-1.000000
4,16,898.597001,121.886033,12.911500,36.999936,-1.000000,-1.000000,-1.000000,-1.000000
5,16,897.056907,121.261195,12.813258,36.927411,-1.000000,-1.000000,-1.000000,-1.000000
6,16,894.054420,119.886240,14.287389,38.452367,-1.000000,-1.000000,-1.000000,-1.000000
7,16,892.583200,120.500197,13.662199,38.312351,-1.000000,-1.000000,-1.000000,-1.000000
8,16,893.525238,119.369890,12.476336,37.532585,-1.000000,-1.000000,-1.000000,-1.000000
9,16,893.114578,119.913512,15.625336,37.764780,-1.000000,-1.000000,-1.000000,-1.000000
10,16,896.103120,120.697696,12.912790,36.773047,-1.000000,-1.000000,-1.000000,-1.000000
11,16,897.652846,120.624245,11.846483,37.402888,-1.000000,-1.000000,-1.000000,-1.000000
12,16,899.500125,120.225753,11.301494,37.657519,-1.000000,-1.000000,-1.000000,-1.000000
13,16,898.762229,121.126455,12.150142,38.149006,-1.000000,-1.000000,-1.000000,-1.000000
14,16,898.930865,121.855806,12.843942,37.212655,-1.000000,-1.000000,-1.000000,-1.000000
15,16,899.644748,121.526036,12.753251,36.959058,-1.000000,-1.000000,-1.000000,-1.000000
16,16,900.936667,120.697958,12.848964,38.219510,-1.000000,-1.000000,-1.000000,-1.000000
17,16,902.416280,121.336201,12.617614,36.567551,-1.000000,-1.000000,-1.000000,-1.000000
18,16,903.239338,120.269257,14.720738,37.853879,-1.000000,-1.000000,-1.000000,-1.000000
19,16,903.795696,120.898919,16.475810,36.300281,-1.000000,-1.000000,-1.000000,-1.000000
20,16,904.420580,121.792081,14.608050,35.683815,-1.000000,-1.000000,-1.000000,-1.000000
21,16,902.745825,120.146058,15.408798,38.393856,-1.000000,-1.000000,-1.000000,-1.000000
22,16,902.701351,120.781468,13.647163,37.187412,-1.000000,-1.000000,-1.000000,-1.000000
23,16,901.554536,119.971261,14.045754,37.687596,-1.000000,-1.000000,-1.000000,-1.000000
24,16,899.463121,119.217936,14.642418,36.687908,-1.000000,-1.000000,-1.000000,-1.000000
25,16,897.053016,118.832453,14.734531,37.449183,-1.000000,-1.000000,-1.000000,-1.000000
26,16,895.636983,118.320175,13.553673,37.278701,-1.000000,-1.000000,-1.000000,-1.000000
27,16,895.561720,119.042396,12.609086,37.517127,-1.000000,-1.000000,-1.000000,-1.000000
28,16,894.204735,118.450193,14.119374,37.055464,-1.000000,-1.000000,-1.000000,-1.000000
29,16,894.255172,118.058357,13.869305,37.365669,-1.000000,-1.000000,-1.000000,-1.000000
30,16,893.642860,118.082836,14.656786,37.285599,-1.000000,-1.000000,-1.000000,-1.000000
31,16,893.240910,117.681728,15.084534,38.365538,-1.000000,-1.000000,-1.000000,-1.000000
32,16,892.729155,118.233555,15.554055,37.315958,-1.000000,-1.000000,-1.000000,-1.000000
33,16,893.507787,119.218025,14.121301,37.116834,-1.000000,-1.000000,-1.000000,-1.000000
34,16,893.543586,118.976970,13.812254,36.749915,-1.000000,-1.000000,-1.000000,-1.000000
35,16,894.710521,119.221410,13.400571,36.675380,-1.000000,-1.000000,-1.000000,-1.000000
36,16,893.574303,118.352716,13.561784,36.789298,-1.000000,-1.000000,-1.000000,-1.000000
37,16,892.423561,119.428382,14.642925,36.351522,-1.000000,-1.000000,-1.000000,-1.000000
38,16,891.082787,118.870930,14.749210,37.314503,-1.000000,-1.000000,-1.000000,-1.000000
39,16,889.539745,119.514814,14.620088,36.357352,-1.000000,-1.000000,-1.000000,-1.000000
40,16,886.824940,118.945183,16.227307,36.792112,-1.000000,-1.000000,-1.000000,-1.000000
41,16,888.326124,119.591518,14.238681,36.388401,-1.000000,-1.000000,-1.000000,-1.000000
42,16,888.293003,118.761853,12.986805,36.680591,-1.000000,-1.000000,-1.000000,-1.000000
43,16,885.897925,119.208595,14.399085,36.900208,-1.000000,-1.000000,-1.000000,-1.000000
44,16,885.206268,118.110348,13.462245,36.681903,-1.000000,-1.000000,-1.000000,-1.000000
45,16,884.638841,118.019121,14.099212,37.311270,-1.000000,-1.000000,-1.000000,-1.000000
46,16,885.720039,117.939920,13.263027,36.747759,-1.000000,-1.000000,-1.000000,-1.000000
47,16,886.011807,117.762626,12.497037,37.332545,-1.000000,-1.000000,-1.000000,-1.000000
48,16,885.643434,117.640682,12.581328,37.010879,-1.000000,-1.000000,-1.000000,-1.000000
49,16,885.454432,117.502973,12.652952,36.936773,-1.000000,-1.000000,-1.000000,-1.000000
50,16,885.139296,117.629695,12.689335,36.903460,-1.000000,-1.000000,-1.000000,-1.000000
1,17,992.000000,195.000000,18.000000,40.000000,-1.000000,-1.000000,-1.000000,-1.000000
2,17,989.837301,193.826970,19.748999,42.300032,-1.000000,-1.000000,-1.000000,-1.000000
3,17,986.798387,195.522662,20.072081,41.336323,-1.000000,-1.000000,-1.000000,-1.000000
4,17,984.181812,195.442704,20.292879,41.027864,-1.000000,-1.000000,-1.000000,-1.000000
5,17,982.451243,194.179614,18.355232,41.302480,-1.000000,-1.000000,-1.000000,-1.000000
6,17,980.213849,192.654058,19.600985,41.743486,-1.000000,-1.000000,-1.000000,-1.000000
7,17,979.202011,192.480210,17.528697,42.626597,-1.000000,-1.000000,-1.000000,-1.000000
8,17,979.809289,194.228706,17.055013,41.006692,-1.000000,-1.000000,-1.000000,-1.000000
9,17,979.817724,193.862630,17.510674,42.814239,-1.000000,-1.000000,-1.000000,-1.000000
10,17,980.249067,194.281751,18.356632,42.328515,-1.000000,-1.000000,-1.000000,-1.000000
11,17,981.613995,195.758597,18.001972,41.011378,-1.000000,-1.000000,-1.000000,-1.000000
12,17,981.272576,195.615983,19.776151,41.358696,-1.000000,-1.000000,-1.000000,-1.000000
13,17,981.011184,193.910801,20.197406,45.124192,-1.000000,-1.000000,-1.000000,-1.000000
14,17,982.778070,197.412004,16.929364,41.402057,-1.000000,-1.000000,-1.000000,-1.000000
15,17,982.453102,196.585991,17.883854,42.363225,-1.000000,-1.000000,-1.000000,-1.000000
16,17,981.463393,197.086890,19.491367,42.008345,-1.000000,-1.000000,-1.000000,-1.000000
17,17,984.081902,194.349968,19.911348,45.111429,-1.000000,-1.000000,-1.000000,-1.000000
18,17,986.567579,197.636178,17.193024,41.655717,-1.000000,-1.000000,-1.000000,-1.000000
19,17,987.844983,196.564732,17.982149,42.415186,-1.000000,-1.000000,-1.000000,-1.000000
20,17,986.975039,196.505057,18.473520,43.029236,-1.000000,-1.000000,-1.000000,-1.000000
21,17,985.677306,197.274716,18.630098,42.009878,-1.000000,-1.000000,-1.000000,-1.000000
22,17,982.752401,196.902349,19.368327,41.884578,-1.000000,-1.000000,-1.000000,-1.000000
23,17,980.848901,196.706000,20.140092,42.654143,-1.000000,-1.000000,-1.000000,-1.000000
24,17,979.753816,196.516188,20.323912,40.150094,-1.000000,-1.000000,-1.000000,-1.000000
25,17,976.357397,195.786115,20.751330,40.625555,-1.000000,-1.000000,-1.000000,-1.000000
26,17,975.422423,194.961984,17.798011,41.054199,-1.000000,-1.000000,-1.000000,-1.000000
27,17,974.819316,195.455811,18.235810,43.512456,-1.000000,-1.000000,-1.000000,-1.000000
28,17,973.077548,196.347660,18.399032,41.963663,-1.000000,-1.000000,-1.000000,-1.000000
29,17,972.598835,196.707779,19.710317,41.756417,-1.000000,-1.000000,-1.000000,-1.000000
30,17,972.197185,196.848523,20.317963,41.625472,-1.000000,-1.000000,-1.000000,-1.000000
31,17,971.864060,197.496024,20.659512,41.669255,-1.000000,-1.000000,-1.000000,-1.000000
32,17,971.514074,197.236433,20.020306,40.595587,-1.000000,-1.000000,-1.000000,-1.000000
33,17,970.734596,198.396661,20.093216,40.819377,-1.000000,-1.000000,-1.000000,-1.000000
34,17,971.652863,198.557937,20.040321,40.754419,-1.000000,-1.000000,-1.000000,-1.000000
35,17,971.898249,198.482887,20.104963,40.901205,-1.000000,-1.000000,-1.000000,-1.000000
36,17,970.381940,197.911124,19.675628,41.551586,-1.000000,-1.000000,-1.000000,-1.000000
37,17,968.708912,197.733524,20.482568,41.399273,-1.000000,-1.000000,-1.000000,-1.000000
38,17,967.857093,196.420163,20.856152,45.792844,-1.000000,-1.000000,-1.000000,-1.000000
39,17,966.844974,198.175604,19.994703,43.288060,-1.000000,-1.000000,-1.000000,-1.000000
40,17,964.857059,198.916338,20.127700,41.678580,-1.000000,-1.000000,-1.000000,-1.000000
41,17,964.488519,199.032356,20.275304,40.102057,-1.000000,-1.000000,-1.000000,-1.000000
42,17,963.522705,198.707402,19.347887,41.333745,-1.000000,-1.000000,-1.000000,-1.000000
43,17,961.429587,198.551217,19.902873,41.455692,-1.000000,-1.000000,-1.000000,-1.000000
44,17,960.214244,198.775317,19.608452,41.385010,-1.000000,-1.000000,-1.000000,-1.000000
45,17,959.916033,198.950305,19.354178,41.620109,-1.000000,-1.000000,-1.000000,-1.000000
46,17,960.215911,198.832883,19.282753,41.339511,-1.000000,-1.000000,-1.000000,-1.000000
47,17,959.892884,199.134745,20.060079,40.809148,-1.000000,-1.000000,-1.000000,-1.000000
48,17,958.419577,199.083674,19.590102,41.379606,-1.000000,-1.000000,-1.000000,-1.000000
49,17,958.235190,198.871766,19.528945,41.995254,-1.000000,-1.000000,-1.000000,-1.000000
50,17,958.006048,199.299742,19.091530,41.446527,-1.000000,-1.000000,-1.000000,-1.000000
1,18,1025.000000,165.000000,13.000000,34.000000,-1.000000,-1.000000,-1.000000,-1.000000
2,18,1023.415474,164.802476,13.687058,36.009311,-1.000000,-1.000000,-1.000000,-1.000000
3,18,1020.919267,165.803723,13.140501,34.541535,-1.000000,-1.000000,-1.000000,-1.000000
4,18,1016.484742,166.267589,15.576311,32.825451,-1.000000,-1.000000,-1.000000,-1.000000
5,18,1014.701734,165.430349,15.617960,33.847305,-1.000000,-1.000000,-1.000000,-1.000000
6,18,1011.795413,165.079544,15.471716,32.506816,-1.000000,-1.000000,-1.000000,-1.000000
7,18,1010.199496,165.032037,15.215378,33.990970,-1.000000,-1.000000,-1.000000,-1.000000
8,18,1011.158940,164.860294,15.668351,36.339034,-1.000000,-1.000000,-1.000000,-1.000000
9,18,1011.561746,165.262091,16.352939,36.402651,-1.000000,-1.000000,-1.000000,-1.000000
10,18,1012.205180,166.310988,15.614165,32.723315,-1.000000,-1.000000,-1.000000,-1.000000
11,18,1014.087804,166.145460,15.506839,33.033253,-1.000000,-1.000000,-1.000000,-1.000000
12,18,1013.983273,166.021984,15.962920,35.201294,-1.000000,-1.000000,-1.000000,-1.000000
13,18,1014.917159,166.096318,15.426839,34.718684,-1.000000,-1.000000,-1.000000,-1.000000
14,18,1015.462722,165.703777,15.465144,38.117146,-1.000000,-1.000000,-1.000000,-1.000000
15,18,1015.834785,166.906982,14.368054,36.330666,-1.000000,-1.000000,-1.000000,-1.000000
16,18,1017.074882,166.704709,14.116828,35.098635,-1.000000,-1.000000,-1.000000,-1.000000
17,18,1016.933710,167.322514,15.164529,35.909550,-1.000000,-1.000000,-1.000000,-1.000000
18,18,1020.124716,166.290969,14.687242,35.218691,-1.000000,-1.000000,-1.000000,-1.000000
19,18,1019.838152,167.277475,15.455913,35.016028,-1.000000,-1.000000,-1.000000,-1.000000
20,18,1020.853745,167.090168,14.613601,34.463546,-1.000000,-1.000000,-1.000000,-1.000000
21,18,1018.438082,166.475881,14.392103,37.221052,-1.000000,-1.000000,-1.000000,-1.000000
22,18,1017.222760,167.352072,14.688680,35.669151,-1.000000,-1.000000,-1.000000,-1.000000
23,18,1014.932174,165.930586,15.552710,35.458525,-1.000000,-1.000000,-1.000000,-1.000000
24,18,1013.425045,166.814902,14.774902,34.428597,-1.000000,-1.000000,-1.000000,-1.000000
25,18,1010.122958,165.449338,15.328677,35.877538,-1.000000,-1.000000,-1.000000,-1.000000
26,18,1008.131314,165.753870,14.713225,35.727263,-1.000000,-1.000000,-1.000000,-1.000000
27,18,1007.130591,165.768540,14.824778,35.426610,-1.000000,-1.000000,-1.000000,-1.000000
28,18,1006.514249,165.678738,14.954316,33.462435,-1.000000,-1.000000,-1.000000,-1.000000
29,18,1005.654324,166.025051,14.737339,34.500378,-1.000000,-1.000000,-1.000000,-1.000000
30,18,1005.569517,165.617570,14.557062,35.343100,-1.000000,-1.000000,-1.000000,-1.000000
31,18,1004.871286,165.791951,14.663972,35.538729,-1.000000,-1.000000,-1.000000,-1.000000
32,18,1004.075186,166.198300,14.738853,34.690275,-1.000000,-1.000000,-1.000000,-1.000000
33,18,1004.110636,168.170649,14.787263,34.822410,-1.000000,-1.000000,-1.000000,-1.000000
34,18,1004.167695,167.643442,14.685404,35.237242,-1.000000,-1.000000,-1.000000,-1.000000
35,18,1003.804866,167.358620,15.318096,35.708626,-1.000000,-1.000000,-1.000000,-1.000000
36,18,1003.617476,167.183725,14.119364,35.446164,-1.000000,-1.000000,-1.000000,-1.000000
37,18,1002.129616,167.990333,15.453315,35.565116,-1.000000,-1.000000,-1.000000,-1.000000
38,18,998.023729,165.578114,18.151002,42.307956,-1.000000,-1.000000,-1.000000,-1.000000
39,18,998.091132,168.689743,16.104918,35.558614,-1.000000,-1.000000,-1.000000,-1.000000
40,18,997.289186,168.110172,14.338545,34.058102,-1.000000,-1.000000,-1.000000,-1.000000
41,18,995.594843,168.581688,15.889440,37.181611,-1.000000,-1.000000,-1.000000,-1.000000
42,18,996.200969,167.758879,14.501921,36.277619,-1.000000,-1.000000,-1.000000,-1.000000
43,18,993.921425,168.168066,14.282403,37.322712,-1.000000,-1.000000,-1.000000,-1.000000
44,18,993.420324,168.225865,14.186744,34.841097,-1.000000,-1.000000,-1.000000,-1.000000
45,18,991.809647,167.120471,14.806988,35.543352,-1.000000,-1.000000,-1.000000,-1.000000
46,18,991.747216,168.307030,15.537366,33.573847,-1.000000,-1.000000,-1.000000,-1.000000
47,18,991.876267,167.202431,15.442137,34.937671,-1.000000,-1.000000,-1.000000,-1.000000
48,18,991.472922,167.894918,15.374204,35.010171,-1.000000,-1.000000,-1.000000,-1.000000
49,18,991.551164,168.614054,15.118748,34.555247,-1.000000,-1.000000,-1.000000,-1.000000
50,18,991.150283,168.467701,15.064613,34.482558,-1.000000,-1.000000,-1.000000,-1.000000
1,19,1079.000000,166.000000,9.000000,40.000000,-1.000000,-1.000000,-1.000000,-1.000000
2,19,1078.455908,165.035102,9.371302,41.314006,-1.000000,-1.000000,-1.000000,-1.000000
3,19,1073.452385,167.065443,11.826262,40.043342,-1.000000,-1.000000,-1.000000,-1.000000
4,19,1071.207246,167.049981,12.589112,38.826856,-1.000000,-1.000000,-1.000000,-1.000000
5,19,1065.970420,166.097325,14.144749,38.306264,-1.000000,-1.000000,-1.000000,-1.000000
6,19,1064.163994,164.519403,13.555783,38.437623,-1.000000,-1.000000,-1.000000,-1.000000
7,19,1061.794674,164.961568,13.679481,39.780823,-1.000000,-1.000000,-1.000000,-1.000000
8,19,1062.711990,163.880556,12.146480,42.193360,-1.000000,-1.000000,-1.000000,-1.000000
9,19,1062.670634,164.978770,13.975503,41.635504,-1.000000,-1.000000,-1.000000,-1.000000
10,19,1063.528626,165.500932,14.216602,41.401081,-1.000000,-1.000000,-1.000000,-1.000000
11,19,1065.249742,164.846207,13.457801,40.634514,-1.000000,-1.000000,-1.000000,-1.000000
12,19,1065.653654,166.388947,13.441516,40.336624,-1.000000,-1.000000,-1.000000,-1.000000
13,19,1065.096243,167.132412,14.002317,39.387528,-1.000000,-1.000000,-1.000000,-1.000000
14,19,1064.562241,167.884280,14.934062,40.349697,-1.000000,-1.000000,-1.000000,-1.000000
15,19,1065.794695,168.002851,13.954353,37.689005,-1.000000,-1.000000,-1.000000,-1.000000
16,19,1066.313668,167.440104,13.800263,39.709211,-1.000000,-1.000000,-1.000000,-1.000000
1,20,895.000000,193.000000,15.000000,37.000000,-1.000000,-1.000000,-1.000000,-1.000000
2,20,892.230540,192.651747,16.807872,40.860362,-1.000000,-1.000000,-1.000000,-1.000000
3,20,889.528893,193.738824,14.716751,39.988342,-1.000000,-1.000000,-1.000000,-1.000000
4,20,885.691032,193.878223,17.619821,42.409635,-1.000000,-1.000000,-1.000000,-1.000000
5,20,884.446874,192.699046,15.264467,38.463569,-1.000000,-1.000000,-1.000000,-1.000000
6,20,878.928532,193.266532,15.531808,41.103796,-1.000000,-1.000000,-1.000000,-1.000000
7,20,879.189092,192.563209,14.643472,42.044113,-1.000000,-1.000000,-1.000000,-1.000000
8,20,878.518627,192.437799,14.732592,41.883901,-1.000000,-1.000000,-1.000000,-1.000000
9,20,877.506982,193.362953,16.294852,41.878774,-1.000000,-1.000000,-1.000000,-1.000000
10,20,877.694617,193.226775,16.490021,41.927180,-1.000000,-1.000000,-1.000000,-1.000000
11,20,879.024370,193.339857,16.709302,42.279292,-1.000000,-1.000000,-1.000000,-1.000000
12,20,878.954042,194.065266,15.787882,42.893258,-1.000000,-1.000000,-1.000000,-1.000000
13,20,878.611785,194.366326,16.551073,42.608662,-1.000000,-1.000000,-1.000000,-1.000000
14,20,879.005543,194.409358,17.045452,43.353715,-1.000000,-1.000000,-1.000000,-1.000000
15,20,879.568094,192.806472,16.172106,43.955744,-1.000000,-1.000000,-1.000000,-1.000000
16,20,879.332297,193.489335,16.016915,46.535994,-1.000000,-1.000000,-1.000000,-1.000000
17,20,880.220945,193.340023,16.586163,46.984469,-1.000000,-1.000000,-1.000000,-1.000000
18,20,880.827176,192.399108,17.180167,47.719747,-1.000000,-1.000000,-1.000000,-1.000000
19,20,882.012368,193.993926,15.720363,45.435170,-1.000000,-1.000000,-1.000000,-1.000000
20,20,882.052992,192.492683,15.953871,46.976152,-1.000000,-1.000000,-1.000000,-1.000000
21,20,879.580434,194.260048,16.813097,46.009343,-1.000000,-1.000000,-1.000000,-1.000000
22,20,877.091219,194.786300,17.049230,45.633925,-1.000000,-1.000000,-1.000000,-1.000000
23,20,875.168307,195.172534,16.624928,44.381052,-1.000000,-1.000000,-1.000000,-1.000000
24,20,873.243192,193.093927,18.545093,46.092857,-1.000000,-1.000000,-1.000000,-1.000000
25,20,869.360115,194.018960,18.206384,45.370007,-1.000000,-1.000000,-1.000000,-1.000000
26,20,867.650229,193.622701,18.919620,46.330015,-1.000000,-1.000000,-1.000000,-1.000000
27,20,865.940343,193.226442,19.632856,47.290023,-1.000000,-1.000000,-1.000000,-1.000000
28,20,864.230458,192.830184,20.346092,48.250031,-1.000000,-1.000000,-1.000000,-1.000000
29,20,864.337225,193.002795,19.311667,48.701653,-1.000000,-1.000000,-1.000000,-1.000000
30,20,863.665149,193.177677,18.614446,49.163735,-1.000000,-1.000000,-1.000000,-1.000000
31,20,862.954874,192.553452,18.897758,49.731440,-1.000000,-1.000000,-1.000000,-1.000000
32,20,863.357046,192.621547,18.218685,49.976382,-1.000000,-1.000000,-1.000000,-1.000000
33,20,862.200181,193.155725,17.229394,49.231424,-1.000000,-1.000000,-1.000000,-1.000000
34,20,862.165871,193.170534,18.100085,46.375214,-1.000000,-1.000000,-1.000000,-1.000000
35,20,861.921486,193.200740,17.761848,46.867573,-1.000000,-1.000000,-1.000000,-1.000000
36,20,860.614469,194.096474,17.527574,44.431171,-1.000000,-1.000000,-1.000000,-1.000000
37,20,858.575532,193.738727,18.229272,47.009544,-1.000000,-1.000000,-1.000000,-1.000000
38,20,857.826470,194.640206,16.965692,44.784640,-1.000000,-1.000000,-1.000000,-1.000000
39,20,853.327942,194.245544,21.271546,52.235371,-1.000000,-1.000000,-1.000000,-1.000000
40,20,854.044492,196.716076,17.350259,44.793423,-1.000000,-1.000000,-1.000000,-1.000000
41,20,851.295817,195.049699,18.398954,40.089123,-1.000000,-1.000000,-1.000000,-1.000000
42,20,849.710404,196.512167,18.938466,42.393176,-1.000000,-1.000000,-1.000000,-1.000000
43,20,848.978665,195.915050,17.494804,44.113849,-1.000000,-1.000000,-1.000000,-1.000000
44,20,845.521909,194.969782,19.675151,47.756634,-1.000000,-1.000000,-1.000000,-1.000000
45,20,845.799736,195.384997,17.883915,45.035676,-1.000000,-1.000000,-1.000000,-1.000000
46,20,844.899070,195.039552,18.776506,43.998127,-1.000000,-1.000000,-1.000000,-1.000000
47,20,844.313997,195.001506,18.842172,45.769199,-1.000000,-1.000000,-1.000000,-1.000000
48,20,844.204717,194.708987,18.492827,45.264910,-1.000000,-1.000000,-1.000000,-1.000000
49,20,843.944247,194.549346,18.497100,45.426268,-1.000000,-1.000000,-1.000000,-1.000000
50,20,843.386646,194.594586,18.598921,45.743724,-1.000000,-1.000000,-1.000000,-1.000000
17,21,1065.000000,157.000000,15.000000,13.000000,-1.000000,-1.000000,-1.000000,-1.000000
18,21,1067.052447,157.012546,15.213725,14.366176,-1.000000,-1.000000,-1.000000,-1.000000
19,21,1069.278856,156.459277,15.387112,17.234440,-1.000000,-1.000000,-1.000000,-1.000000
20,21,1068.265312,156.253730,15.924719,16.970031,-1.000000,-1.000000,-1.000000,-1.000000
21,21,1067.416151,156.394418,16.162158,15.816023,-1.000000,-1.000000,-1.000000,-1.000000
22,21,1064.934456,156.290925,17.517465,16.975730,-1.000000,-1.000000,-1.000000,-1.000000
23,21,1064.019582,155.818780,16.639826,17.022234,-1.000000,-1.000000,-1.000000,-1.000000
24,21,1063.158294,156.310296,16.166483,16.817323,-1.000000,-1.000000,-1.000000,-1.000000
25,21,1059.446992,155.424688,15.622749,16.579187,-1.000000,-1.000000,-1.000000,-1.000000
26,21,1056.772473,155.138278,16.844054,16.970646,-1.000000,-1.000000,-1.000000,-1.000000
27,21,1055.198396,154.510592,17.157118,16.251798,-1.000000,-1.000000,-1.000000,-1.000000
28,21,1054.324914,154.953053,17.618424,16.753511,-1.000000,-1.000000,-1.000000,-1.000000
29,21,1054.667015,155.434616,16.711844,17.826391,-1.000000,-1.000000,-1.000000,-1.000000
30,21,1053.190199,155.734352,18.370809,16.407386,-1.000000,-1.000000,-1.000000,-1.000000
31,21,1055.120849,155.623119,14.536257,16.682758,-1.000000,-1.000000,-1.000000,-1.000000
32,21,1054.190794,155.818821,14.987645,17.169500,-1.000000,-1.000000,-1.000000,-1.000000
33,21,1052.952473,157.291833,16.044117,15.725085,-1.000000,-1.000000,-1.000000,-1.000000
34,21,1052.758770,156.797400,17.091302,16.569866,-1.000000,-1.000000,-1.000000,-1.000000
35,21,1052.321891,156.913003,17.071901,16.471253,-1.000000,-1.000000,-1.000000,-1.000000
36,21,1051.456087,156.811147,17.787631,16.641154,-1.000000,-1.000000,-1.000000,-1.000000
37,21,1049.552535,156.866559,17.487056,16.585649,-1.000000,-1.000000,-1.000000,-1.000000
38,21,1048.462735,156.785640,17.844883,17.060164,-1.000000,-1.000000,-1.000000,-1.000000
39,21,1046.800349,156.418621,17.685685,16.974506,-1.000000,-1.000000,-1.000000,-1.000000
40,21,1045.362740,156.592162,17.982545,16.790456,-1.000000,-1.000000,-1.000000,-1.000000
41,21,1044.895228,156.764886,17.644861,16.218825,-1.000000,-1.000000,-1.000000,-1.000000
42,21,1044.888205,156.676905,16.359219,19.786878,-1.000000,-1.000000,-1.000000,-1.000000
43,21,1043.291954,156.815288,15.776625,17.386653,-1.000000,-1.000000,-1.000000,-1.000000
44,21,1042.967480,155.884749,15.236293,17.131955,-1.000000,-1.000000,-1.000000,-1.000000
45,21,1042.423788,156.408710,15.610859,20.150561,-1.000000,-1.000000,-1.000000,-1.000000
46,21,1042.884467,157.161910,15.015675,19.609295,-1.000000,-1.000000,-1.000000,-1.000000
47,21,1042.904631,156.929658,14.390181,17.038169,-1.000000,-1.000000,-1.000000,-1.000000
48,21,1042.337196,156.883976,15.305873,17.213218,-1.000000,-1.000000,-1.000000,-1.000000
49,21,1041.850060,156.803044,15.398229,17.973884,-1.000000,-1.000000,-1.000000,-1.000000
50,21,1041.817720,156.735609,15.285070,20.087445,-1.000000,-1.000000,-1.000000,-1.000000
24,22,1124.000000,151.000000,15.000000,38.000000,-1.000000,-1.000000,-1.000000,-1.000000
25,22,1122.626422,150.897167,13.647501,37.965784,-1.000000,-1.000000,-1.000000,-1.000000
26,22,1120.739204,151.082652,13.252838,38.618962,-1.000000,-1.000000,-1.000000,-1.000000
27,22,1120.073621,148.758573,13.542741,40.907037,-1.000000,-1.000000,-1.000000,-1.000000
28,22,1117.705130,150.001414,18.736437,38.289540,-1.000000,-1.000000,-1.000000,-1.000000
29,22,1117.129653,149.972728,19.178124,38.832927,-1.000000,-1.000000,-1.000000,-1.000000
30,22,1116.374391,150.117828,19.491935,39.142227,-1.000000,-1.000000,-1.000000,-1.000000
31,22,1115.678467,149.734694,20.163941,40.168748,-1.000000,-1.000000,-1.000000,-1.000000
32,22,1116.834545,149.551026,15.731605,40.745904,-1.000000,-1.000000,-1.000000,-1.000000
33,22,1116.385044,150.046026,17.053292,40.094317,-1.000000,-1.000000,-1.000000,-1.000000
34,22,1119.039872,151.246657,12.790882,39.697646,-1.000000,-1.000000,-1.000000,-1.000000
35,22,1118.368286,151.902658,13.573274,39.029121,-1.000000,-1.000000,-1.000000,-1.000000
36,22,1116.046290,153.085225,15.746247,37.377779,-1.000000,-1.000000,-1.000000,-1.000000
37,22,1115.487386,151.523158,12.513030,40.882762,-1.000000,-1.000000,-1.000000,-1.000000
38,22,1114.375895,152.380556,14.111687,38.797832,-1.000000,-1.000000,-1.000000,-1.000000
39,22,1113.299029,154.852703,12.825065,36.622791,-1.000000,-1.000000,-1.000000,-1.000000
40,22,1112.212502,154.462495,13.133639,37.226627,-1.000000,-1.000000,-1.000000,-1.000000
41,22,1107.631977,153.806456,16.807025,37.581541,-1.000000,-1.000000,-1.000000,-1.000000
42,22,1107.839498,154.962969,15.410042,36.626432,-1.000000,-1.000000,-1.000000,-1.000000
43,22,1106.307359,155.119456,15.838645,36.933153,-1.000000,-1.000000,-1.000000,-1.000000
44,22,1104.940713,152.737413,15.020355,39.510286,-1.000000,-1.000000,-1.000000,-1.000000
45,22,1104.630608,153.599414,15.753811,37.944462,-1.000000,-1.000000,-1.000000,-1.000000
46,22,1104.929833,152.949569,15.962043,38.494672,-1.000000,-1.000000,-1.000000,-1.000000
47,22,1104.909179,153.665428,16.506547,38.135891,-1.000000,-1.000000,-1.000000,-1.000000
48,22,1103.044051,153.030402,17.410961,38.246588,-1.000000,-1.000000,-1.000000,-1.000000
49,22,1102.833402,153.133963,17.752014,38.049545,-1.000000,-1.000000,-1.000000,-1.000000
50,22,1102.230032,153.390968,17.921907,37.945768,-1.000000,-1.000000,-1.000000,-1.000000
42,23,1112.000000,141.000000,14.000000,18.000000,-1.000000,-1.000000,-1.000000,-1.000000
43,23,1110.969263,140.943596,13.234579,20.322133,-1.000000,-1.000000,-1.000000,-1.000000
44,23,1109.133880,139.252912,14.333888,22.665285,-1.000000,-1.000000,-1.000000,-1.000000
45,23,1109.195714,142.271284,13.513786,22.122058,-1.000000,-1.000000,-1.000000,-1.000000
46,23,1109.616290,142.474999,13.601332,22.505886,-1.000000,-1.000000,-1.000000,-1.000000
47,23,1109.619935,142.278079,13.665651,20.426550,-1.000000,-1.000000,-1.000000,-1.000000
48,23,1107.663576,142.921057,15.052308,21.481993,-1.000000,-1.000000,-1.000000,-1.000000
49,23,1107.141834,142.928869,15.337232,21.463479,-1.000000,-1.000000,-1.000000,-1.000000
50,23,1106.403360,142.980456,15.451924,21.433493,-1.000000,-1.000000,-1.000000,-1.000000