1,1,945,332,32,77,1
2,1,945.42,337.64,29.98,69.724,1
3,1,945.25,337.63,30.439,69.75,1
4,1,944.55,337.12,30.794,69.915,1
5,1,944.77,336.44,30.897,70.079,1
6,1,945.24,335.97,30.971,70.3,1
7,1,944.66,335.26,31.699,70.324,1
8,1,943.79,334.77,32.417,70.71,1
9,1,943.49,334.33,33.106,71.163,1
10,1,945,357,32,77,1
11,1,944.6,357.2,26.734,75.553,1
12,1,944.11,356.48,28,76.234,1
13,1,943.73,356.04,29.261,76.725,1
14,1,943.44,355.43,30.434,77.408,1
15,1,943.32,355.07,31.659,77.997,1
16,1,943.28,355.06,32.826,78.58,1
17,1,943.47,355.11,33.901,78.93,1
18,1,943.41,355.05,34.844,79.219,1
19,1,943.36,354.84,35.799,79.469,1
20,1,937,326,30,71,1
20,1,951,357,32,77,1
21,1,952.22,359.6,32.427,70.878,1
22,1,951.85,359.37,33.714,71.109,1
23,1,950.82,359.36,35.148,71.429,1
24,1,949.7,359.45,36.397,72.132,1
25,1,948.55,359.88,37.382,72.784,1
26,1,947.14,360.02,38.469,73.509,1
27,1,946.39,359.78,39.86,74.151,1
28,1,946.2,359.23,41.163,74.959,1
29,1,945.79,358.68,42.276,75.715,1
30,1,964,369,32,77,1
31,1,965.92,370.55,25.794,67.531,1
32,1,967.25,370.77,24.842,67.716,1
33,1,968.72,371.17,24.247,68.085,1
34,1,970.07,371.55,23.937,68.463,1
35,1,971.25,372.11,23.749,68.459,1
36,1,972.52,372.64,23.658,68.202,1
37,1,973.82,373.27,23.428,67.73,1
38,1,974.72,373.96,23.381,67.222,1
39,1,975.55,374.94,23.441,66.484,1
40,1,970,375,32,77,1
41,1,972.61,379.95,29.667,65.82,1
42,1,973.25,380.43,29.785,65.339,1
43,1,974.07,380.82,29.871,64.833,1
44,1,974.52,381.15,29.949,64.563,1
45,1,974.61,381.54,29.739,64.423,1
46,1,975.12,381.92,29.488,64.494,1
47,1,975.9,382.17,29.151,64.419,1
48,1,976.29,382.36,29.071,64.491,1
49,1,976.48,382.62,29.154,64.483,1
50,1,976,375,32,77,1
1,2,1138,409,35,84,1
1,2,1154,410,39,92,1
2,2,1154.2,413.21,35.928,82.318,1
3,2,1151.9,413.06,35.567,82.343,1
4,2,1148.6,412.1,36.522,82.305,1
5,2,1146.2,410.88,37.954,82.623,1
6,2,1143.8,409.97,39.475,81.921,1
7,2,1140.8,408.45,41.556,80.619,1
8,2,1138.1,407.16,42.953,78.937,1
9,2,1136.2,406.02,44.113,77.975,1
10,2,1131,402,35,84,1
11,2,1125.6,402,36.104,79.241,1
12,2,1123.8,401.56,36.617,78.021,1
13,2,1122.7,401.33,36.716,77.525,1
14,2,1121.7,401.07,36.662,77.043,1
15,2,1120.7,400.97,36.49,76.351,1
16,2,1119.8,401.32,36.199,74.955,1
17,2,1119,401.54,35.753,73.642,1
18,2,1117.5,401.5,35.791,72.704,1
19,2,1116.4,401.15,35.526,72.271,1
20,2,1117,395,39,92,1
21,2,1114.9,396.47,36.867,82.961,1
22,2,1113.4,395.82,36.748,83.238,1
23,2,1111.9,395.59,36.228,83.587,1
24,2,1110.4,395.55,35.734,84.057,1
25,2,1108.4,395.88,35.633,84.406,1
26,2,1106.1,395.93,35.542,84.415,1
27,2,1104.3,395.6,35.823,84.651,1
28,2,1102.7,395.17,36.397,84.659,1
29,2,1101.1,394.64,36.585,84.743,1
30,2,1097,389,35,84,1
31,2,1093,390.03,33.53,81.557,1
32,2,1092.6,389.78,33.811,80.88,1
33,2,1092.2,389.76,34.069,80.359,1
34,2,1091.3,389.62,34.552,80.13,1
35,2,1089.9,389.58,35.372,80.092,1
36,2,1088.5,389.34,36.053,80.096,1
37,2,1086.8,388.9,36.681,80.237,1
38,2,1085.1,388.54,36.897,80.229,1
39,2,1083.6,388.25,36.845,80.364,1
40,2,1084,382,35,84,1
41,2,1085.9,384.64,25.167,79.225,1
42,2,1085.6,384.09,23.062,79.267,1
43,2,1084.3,383.34,22.366,79.38,1
44,2,1082.6,382.75,21.62,79.651,1
45,2,1080.8,382.4,21.373,79.809,1
46,2,1079.5,382.26,21.556,80.075,1
47,2,1078.2,381.84,22.704,80.338,1
48,2,1076.6,381.62,23.924,80.469,1
49,2,1074.5,381.41,25.283,80.678,1
50,2,1064,375,35,84,1
10,3,28,227,21,50,1
11,3,30.159,227.71,15.517,46.922,1
12,3,30.198,227.51,15.525,46.984,1
13,3,30.411,227.42,15.551,46.96,1
14,3,30.614,227.35,15.601,46.981,1
15,3,31.037,227.64,15.522,46.949,1
16,3,31.545,227.94,15.499,46.915,1
17,3,32.183,228.21,15.533,46.983,1
18,3,32.268,228.45,15.577,47.018,1
19,3,32.49,228.72,15.56,47.053,1
20,3,30,226,23,55,1
21,3,31.366,228.56,17.901,48.145,1
22,3,31.038,228.68,17.892,48.089,1
23,3,30.675,228.56,17.919,48.108,1
24,3,30.079,228.6,17.814,48.071,1
25,3,29.535,229.25,17.894,48.186,1
26,3,28.474,230.12,17.919,48.131,1
27,3,28.213,230.41,17.895,48.141,1
28,3,28.444,230.31,17.888,48.084,1
29,3,28.54,229.86,17.903,48.156,1
30,3,28,231,21,50,1
31,3,28.826,230.36,17.022,44.829,1
32,3,29.192,230.3,17.002,44.763,1
33,3,29.69,230.35,17.027,44.767,1
34,3,29.896,230.35,17.043,44.785,1
35,3,30.204,230.36,17.024,44.737,1
36,3,30.587,230.44,17.056,44.71,1
37,3,30.878,230.4,17.01,44.78,1
38,3,31.131,230.35,17.017,44.812,1
39,3,31.346,230.5,17.024,44.794,1
41,3,31.229,230.65,17.033,44.845,1
42,3,31.18,230.61,17.006,44.81,1
43,3,31.132,230.61,17.034,44.843,1
44,3,30.722,230.5,17.062,44.827,1
45,3,29.918,230.44,17.039,44.807,1
46,3,29.703,230.38,17.044,44.831,1
47,3,29.553,230.29,17.046,44.823,1
48,3,29.154,230.05,17.059,44.767,1
49,3,28.481,229.99,17.014,44.716,1
50,3,30,226,23,55,1
30,4,932,325,27,65,1
31,4,931.22,329.2,21.196,55.428,1
32,4,930.87,328.73,21.191,55.935,1
33,4,930.82,328.68,21.198,55.919,1
34,4,930.57,328.55,21.179,55.655,1
35,4,930.28,328.65,21.198,55.498,1
36,4,930.15,328.62,21.176,55.339,1
37,4,929.98,328.64,21.048,55.117,1
38,4,929.49,328.61,21.092,55.033,1
39,4,928.91,328.76,21.267,54.921,1
40,4,927,325,27,65,1
41,4,927.62,328.29,22.33,55.452,1
42,4,926.82,327.87,22.538,55.344,1
43,4,926.3,327.26,22.651,55.229,1
44,4,925.41,326.7,22.931,55.411,1
45,4,924.04,326.27,23.141,55.85,1
46,4,922.97,326.09,23.373,56.388,1
47,4,922.16,325.77,23.643,57.009,1
48,4,921.09,325.62,23.861,57.279,1
49,4,920,325.52,23.992,57.054,1
50,4,917,320,27,65,1
50,5,576,195,21,50,1
15,4,1080.5,165.25,17.164,41.176,1
16,4,1080.7,165.37,17.083,41.154,1
17,4,1081.4,165.22,16.915,41.175,1
18,4,1082.8,165.31,16.801,41.149,1
19,4,1084.7,165.4,16.687,41.218,1
20,4,1084,159,21,50,1
21,4,1086.8,160.98,16.877,42.65,1
22,4,1085.1,161.42,16.751,42.522,1
23,4,1083.2,161.37,16.75,42.311,1
24,4,1081.7,161.01,16.73,42.179,1
25,4,1079.9,160.73,16.616,42.04,1
26,4,1076.8,160.51,16.549,41.965,1
27,4,1074.4,160.41,16.324,42.045,1
28,4,1073.5,160.17,16.26,42.246,1
29,4,1073.1,159.98,16.11,42.576,1
30,4,1076,139,21,50,1
30,4,1092,139,21,50,1
31,4,1091.6,148.17,14.206,37.986,1
32,4,1091.1,148.31,14.27,38.102,1
33,4,1090.5,148.32,14.263,38.486,1
34,4,1089.8,148.77,14.387,38.799,1
35,4,1090.1,149,14.344,39.126,1
36,4,1090.1,148.99,14.328,39.254,1
37,4,1088.8,148.86,14.408,39.463,1
38,4,1087.2,148.88,14.35,39.743,1
39,4,1085.6,149.3,14.426,39.735,1
40,4,1074,139,23,55,1
41,4,1071.4,142.94,20.775,44.505,1
42,4,1070.4,142.98,20.791,44.611,1
43,4,1069.2,142.89,20.754,44.701,1
44,4,1067.3,142.8,20.765,44.864,1
45,4,1065.6,142.72,20.727,45.09,1
46,4,1064.7,142.53,20.719,45.302,1
47,4,1064.7,142.07,20.68,45.717,1
48,4,1064.3,141.77,20.59,45.877,1
49,4,1063.7,141.48,20.578,46.32,1
50,4,1068,139,21,50,1
1,5,1108,139,21,50,1
2,5,1109.2,142.69,17.727,43.241,1
3,5,1107.6,142.99,17.903,43.34,1
4,5,1104.5,143.61,17.659,43.518,1
5,5,1101.3,143.67,17.781,43.903,1
6,5,1098.6,142.86,17.897,44.128,1
7,5,1095.6,142.04,18.005,44.309,1
8,5,1093.8,141.61,18.229,44.285,1
9,5,1093.9,141.9,18.449,44.367,1
10,5,1084,139,21,50,1
10,5,1096,139,21,50,1
11,5,1097.5,148.27,19.502,38.386,1
12,5,1098.5,148.32,19.467,38.994,1
13,5,1099.2,148.59,19.425,38.916,1
14,5,1099,148.83,19.501,38.993,1
15,5,1099.2,149.23,19.455,39.351,1
16,5,1099.4,149.2,19.433,39.737,1
17,5,1099.9,148.86,19.397,40.043,1
18,5,1101.3,148.75,19.134,40.496,1
19,5,1103.2,148.6,18.903,40.682,1
20,5,1092,139,21,50,1
20,5,1100,139,21,50,1
21,5,1100.8,142.62,19.438,45.084,1
22,5,1099,142.89,19.275,45.296,1
23,5,1097.2,142.65,19.121,45.564,1
24,5,1095.7,142.09,18.965,45.735,1
25,5,1093.8,141.68,18.839,45.911,1
26,5,1090.6,141.43,18.828,45.804,1
27,5,1088.2,141.3,18.662,45.838,1
28,5,1087.1,140.88,18.721,46.154,1
29,5,1086.5,140.7,18.709,46.233,1
30,5,1084,139,21,50,1
30,5,1065,146,25,59,1
31,5,1064.6,147.42,22.595,45.896,1
32,5,1064.3,147.53,22.355,46.21,1
33,5,1063.8,147.54,22.303,46.493,1
34,5,1063.4,148.02,22.048,46.817,1
35,5,1063.6,148.23,22.052,47.226,1
36,5,1063.6,148.24,22.044,47.151,1
37,5,1062.5,148.17,21.864,47.209,1
38,5,1061,148.16,21.72,47.143,1
39,5,1059.6,148.51,21.717,47,1
40,5,1060,163,21,50,1
41,5,1056.7,165.08,17.776,42.666,1
42,5,1055.9,165.23,17.679,42.935,1
43,5,1054.8,165.18,17.615,43.011,1
44,5,1053.2,165.11,17.435,43.096,1
45,5,1051.8,165.07,17.345,43.369,1
46,5,1051.2,164.91,17.269,43.613,1
47,5,1051.4,164.59,17.193,43.967,1
48,5,1051.2,164.38,17.135,44.329,1
49,5,1050.9,164.12,17.087,44.88,1
50,5,1036,155,21,50,1
1,6,1065,152,23,55,1
2,6,1065.4,156.58,21.335,46.732,1
3,6,1064.3,156.83,21.255,46.746,1
4,6,1061.3,157.35,21.174,46.784,1
5,6,1058.3,157.42,21.155,46.938,1
6,6,1055.8,156.58,21.134,47.043,1
7,6,1053.1,155.84,21.091,47.047,1
8,6,1051.7,155.58,21.058,47.082,1
9,6,1052.1,155.91,21.025,47.143,1
10,6,1056,151,21,50,1
11,6,1058.7,157.68,17.96,42.546,1
12,6,1059.7,157.94,17.925,42.601,1
13,6,1060.6,158.29,17.864,42.593,1
14,6,1060.6,158.59,17.8,42.739,1
15,6,1061,159.02,17.712,42.784,1
16,6,1061.2,158.9,17.665,42.929,1
17,6,1061.8,158.67,17.68,43.092,1
18,6,1063.2,158.57,17.655,43.208,1
19,6,1065,158.46,17.661,43.446,1
20,6,1065,152,23,55,1
21,6,1066.8,157.22,20.929,46.789,1
22,6,1065.1,157.42,20.98,47.008,1
23,6,1063.1,157.21,21.15,47.004,1
24,6,1061.5,156.6,21.251,47.173,1
25,6,1059.6,156.27,21.38,47.052,1
26,6,1056.5,156.05,21.35,47.057,1
27,6,1054.2,155.85,21.351,47.295,1
28,6,1053.3,155.71,21.28,47.233,1
29,6,1052.8,155.69,21.302,47.282,1
30,6,1052,152,23,55,1
31,6,1052,157.56,19.723,45.276,1
32,6,1051.7,157.88,19.681,45.44,1
33,6,1051.2,158.04,19.578,45.372,1
34,6,1050.8,158.55,19.536,45.337,1
35,6,1051,158.92,19.494,45.537,1
36,6,1051.1,158.87,19.399,45.425,1
37,6,1050.1,158.57,19.39,45.606,1
38,6,1048.5,158.33,19.391,45.549,1
39,6,1047.1,158.53,19.43,45.658,1
40,6,1039,152,23,55,1
41,6,1044.2,158.19,13.318,45.179,1
42,6,1043.4,158.27,13.202,45.345,1
43,6,1042.5,158.3,13.092,45.4,1
44,6,1041,158.24,12.91,45.613,1
45,6,1039.7,158.31,12.794,45.546,1
46,6,1039.3,158.18,12.628,45.649,1
47,6,1039.5,157.92,12.54,45.842,1
48,6,1039.4,157.79,12.414,45.936,1
49,6,1039.2,157.69,12.306,45.94,1
50,6,1048,134,32,77,1
1,7,889,189,25,59,1
2,7,891,194.59,20.617,48.457,1
3,7,889.48,195.03,20.841,48.732,1
4,7,886.05,195.44,21.031,49.14,1
5,7,882.83,195.58,21.006,49.025,1
6,7,880.15,195.08,21.083,48.647,1
7,7,877.29,194.52,21.083,48.427,1
8,7,875.57,194.51,21.092,48.331,1
9,7,875.61,194.99,21.099,48.155,1
10,7,875,189,25,59,1
11,7,876.16,195.7,22.541,50.778,1
12,7,876.88,195.96,22.56,50.779,1
13,7,877.3,195.89,22.582,51.105,1
14,7,876.94,196.17,22.539,51.124,1
15,7,877.04,196.16,22.339,51.452,1
16,7,877.15,196.17,22.014,51.458,1
17,7,877.5,195.75,21.969,51.941,1
18,7,878.62,195.71,21.852,52.143,1
19,7,880.39,195.75,21.555,52.349,1
20,7,878,191,23,55,1
21,7,879.62,195.96,15.312,45.421,1
22,7,877.83,196.37,15.318,45.188,1
23,7,875.76,196.43,15.347,44.872,1
24,7,874.16,196.19,15.258,44.529,1
25,7,872.16,196.22,15.229,44.055,1
26,7,869.06,195.95,15.104,43.978,1
27,7,866.46,195.96,14.984,43.835,1
28,7,865.41,195.71,14.917,44.021,1
29,7,864.73,195.71,14.712,44.216,1
30,7,860,191,23,55,1
31,7,858.97,195.6,17.957,44.506,1
32,7,858.43,195.65,17.912,44.934,1
33,7,857.76,195.67,17.837,45.603,1
34,7,857.03,196.2,17.81,46.042,1
35,7,856.85,196.42,17.928,46.557,1
36,7,856.47,196.44,18.041,46.955,1
37,7,855.25,196.48,18.083,47.24,1
38,7,853.43,196.66,18.116,47.336,1
39,7,851.84,197.15,18.127,47.217,1
40,7,851,194,25,59,1
41,7,849.15,198.52,21.392,52.154,1
42,7,848.23,198.95,21.259,51.861,1
43,7,847,199.01,21.223,51.757,1
44,7,845.22,199.03,21.171,51.646,1
45,7,843.65,198.79,21.208,51.857,1
46,7,842.88,198.71,21.029,52.064,1
47,7,842.89,198.47,20.998,52.365,1
48,7,842.65,198.11,20.872,52.624,1
49,7,842.22,198.1,20.69,52.623,1
1,8,899,251,25,59,1
2,8,901.68,253.01,20.061,55.045,1
3,8,900.48,253.74,19.898,54.557,1
4,8,897.05,254.59,19.85,54.215,1
5,8,893.9,254.94,19.744,53.943,1
6,8,891.15,254.51,19.705,53.727,1
7,8,888.02,254.14,19.732,53.546,1
8,8,886.19,254.09,19.78,53.601,1
9,8,886.11,254.46,19.812,53.692,1
10,8,875,227,35,84,1
11,8,876.16,230.77,32.288,79.179,1
12,8,876.88,231.31,32.538,79.111,1
13,8,877.3,231.88,32.599,78.778,1
14,8,876.94,232.43,32.84,78.635,1
15,8,877.04,232.86,32.858,78.646,1
16,8,877.15,233.01,32.879,78.59,1
17,8,877.5,233.15,33.034,78.553,1
18,8,878.62,233.27,33.131,78.638,1
19,8,880.39,233.39,33.096,78.662,1
20,8,888,252,32,77,1
21,8,891.23,252.65,23.713,72.18,1
22,8,889.53,253.32,23.73,71.621,1
23,8,887.54,253.46,23.788,71.439,1
24,8,885.98,253.37,23.833,71.346,1
25,8,884.03,253.36,23.947,71.117,1
26,8,880.87,253.24,24.115,70.958,1
27,8,878.34,253.26,24.228,70.792,1
28,8,877.3,252.98,24.421,70.76,1
29,8,876.67,252.94,24.591,70.752,1
31,8,875.06,252.99,24.951,70.803,1
32,8,874.4,253.17,25.106,70.775,1
33,8,873.74,253.41,25.176,70.808,1
34,8,872.98,253.9,25.449,70.744,1
35,8,872.88,254.36,25.585,70.596,1
36,8,872.67,254.6,25.628,70.36,1
37,8,871.47,254.79,25.623,70.021,1
38,8,869.74,255.05,25.591,69.684,1
39,8,868.13,255.62,25.396,69.161,1
40,8,857,233,39,92,1
41,8,858.25,236.84,32.169,85.938,1
42,8,857.27,236.96,32.461,85.849,1
43,8,856.03,236.88,32.781,85.705,1
44,8,854.22,236.83,33.061,85.707,1
45,8,852.64,236.74,33.105,85.924,1
46,8,851.75,236.9,33.325,85.909,1
47,8,851.71,237.04,33.183,85.696,1
48,8,851.41,237.19,32.975,85.409,1
49,8,850.86,237.37,32.725,85.178,1
50,8,857,252,32,77,1
1,9,1094,70,25,59,1
2,9,1095.1,76.36,17.254,50.273,1
3,9,1094.1,76.61,17.216,50.317,1
4,9,1091.2,77.292,17.168,50.18,1
5,9,1088.7,77.285,17.131,50.217,1
6,9,1086.5,76.472,17.115,50.183,1
7,9,1083.9,75.568,17.133,50.192,1
8,9,1082.7,75.183,17.082,50.163,1
9,9,1083.3,75.288,17.071,50.266,1
10,9,1080,70,25,59,1
11,9,1082.6,76.161,21.41,49.412,1
12,9,1083.6,76.212,21.738,49.462,1
13,9,1084.2,76.468,22.156,49.323,1
14,9,1084.1,76.699,22.571,49.396,1
15,9,1084.2,77.101,23.178,49.34,1
16,9,1084.4,76.98,23.557,49.337,1
17,9,1084.8,76.674,23.936,49.289,1
18,9,1086,76.519,24.549,49.292,1
19,9,1087.8,76.29,24.785,49.324,1
20,9,1092,75,21,50,1
21,9,1095.8,74.977,12.81,48.147,1
22,9,1093.9,75.18,13.231,48.034,1
23,9,1091.9,74.921,13.622,47.939,1
24,9,1090.2,74.304,14.024,47.905,1
25,9,1088.3,73.759,14.375,47.849,1
26,9,1085.1,73.476,14.685,47.853,1
27,9,1082.4,73.254,15.279,47.817,1
28,9,1081.3,72.739,15.571,47.834,1
29,9,1080.6,72.719,15.97,47.705,1
31,9,1079,72.978,17.114,47.625,1
32,9,1078.5,73.036,17.448,47.601,1
33,9,1077.8,73.128,17.766,47.513,1
34,9,1076.9,73.529,18.413,47.378,1
35,9,1077.1,73.785,18.663,47.442,1
36,9,1076.9,73.713,19.112,47.338,1
37,9,1075.6,73.503,19.432,47.307,1
38,9,1073.7,73.463,20.064,47.278,1
39,9,1072.1,73.743,20.635,47.214,1
40,9,1062,66,27,65,1
41,9,1061.4,71.201,23.41,55.671,1
42,9,1060.5,71.183,23.945,55.646,1
43,9,1059.3,70.931,24.495,55.797,1
44,9,1057.4,70.831,25.121,55.693,1
45,9,1055.7,70.641,25.764,55.786,1
46,9,1054.8,70.392,26.555,55.772,1
47,9,1054.7,70.092,27.088,55.637,1
48,9,1054.2,69.767,27.783,55.705,1
49,9,1053.9,69.594,28.284,55.649,1
50,9,1051,61,25,59,1
1,10,499,23,32,77,1
2,10,510.86,27.938,18.352,53.802,1
3,10,510.08,28.233,18.351,53.677,1
4,10,507.52,28.332,18.327,53.799,1
5,10,505.08,27.707,18.343,53.99,1
6,10,503.07,26.715,18.35,53.97,1
7,10,500.79,25.946,18.351,53.803,1
8,10,499.54,25.947,18.303,53.821,1
9,10,500.1,26.066,18.333,53.77,1
11,10,502.04,26.75,18.349,53.856,1
12,10,503.31,27.191,18.344,53.816,1
13,10,504.33,27.376,18.323,53.788,1
14,10,504.65,27.454,18.337,53.882,1
15,10,505.37,27.387,18.283,53.884,1
16,10,505.99,27.157,18.369,53.905,1
17,10,506.67,27.159,18.33,53.916,1
18,10,508.18,27.198,18.304,53.842,1
19,10,510.15,27.213,18.321,53.848,1
20,10,499,23,32,77,1
21,10,517.28,27.079,13.3,54.228,1
22,10,516.18,27.078,13.292,54.229,1
23,10,514.56,26.87,13.254,54.253,1
24,10,513.38,26.193,13.297,54.469,1
25,10,512.08,25.411,13.26,54.363,1
26,10,509.52,24.915,13.262,54.437,1
27,10,507.48,24.537,13.257,54.334,1
28,10,506.91,24.35,13.287,54.36,1
29,10,506.66,24.353,13.29,54.37,1
30,10,493,17,32,77,1
31,10,499.46,24.295,23.237,54.212,1
32,10,499.46,24.287,23.213,54.24,1
33,10,499.2,24.752,23.228,54.144,1
34,10,498.95,25.083,23.294,54.202,1
35,10,499.47,25.302,23.26,54.233,1
36,10,499.59,25.396,23.256,54.152,1
37,10,498.96,25.279,23.25,54.141,1
38,10,497.9,25.121,23.26,54.177,1
39,10,496.91,25.118,23.254,54.268,1
40,10,487,17,32,77,1
41,10,496.42,19.622,18.563,60.419,1
42,10,495.92,19.623,18.589,60.329,1
43,10,495.27,19.33,18.487,60.226,1
44,10,494.06,18.914,18.579,60.376,1
45,10,492.97,18.628,18.568,60.412,1
46,10,492.7,18.441,18.593,60.399,1
47,10,492.95,18.384,18.572,60.394,1
48,10,492.99,18.123,18.554,60.371,1
49,10,493.03,17.835,18.534,60.429,1
50,10,480,17,32,77,1
10,11,980,191,21,50,1
11,11,981.68,199.81,19.775,40.462,1
12,11,982.77,200.25,19.736,40.265,1
13,11,983.6,200.85,19.663,39.933,1
14,11,983.64,201.3,19.601,40.083,1
15,11,984.26,201.92,19.351,40.31,1
16,11,984.65,201.96,19.312,40.575,1
17,11,985.32,201.95,19.262,40.555,1
18,11,986.64,202.05,19.33,40.53,1
19,11,988.6,202.08,19.313,40.377,1
20,11,988,195,21,50,1
21,11,991.26,199.89,11.872,37.002,1
22,11,989.66,200.1,11.835,37.285,1
23,11,987.84,199.75,11.773,37.662,1
24,11,986.46,199.16,11.744,38.436,1
25,11,984.6,198.57,11.772,39.515,1
26,11,981.63,198.3,11.749,39.818,1
27,11,979.32,198.25,11.678,39.979,1
28,11,978.53,198.06,11.727,40.105,1
29,11,978.11,198.12,11.683,39.862,1
30,11,972,195,21,50,1
31,11,974.31,201.46,16.286,35.928,1
32,11,974.01,201.84,16.32,35.777,1
33,11,973.62,202.26,16.307,35.479,1
34,11,973.27,202.77,16.293,35.64,1
35,11,973.52,203.28,16.277,35.529,1
36,11,973.57,203.33,16.278,35.626,1
37,11,972.61,203.28,16.277,35.966,1
38,11,971.22,203.33,16.238,36.184,1
39,11,969.81,203.63,16.289,36.383,1
40,11,968,195,21,50,1
41,11,965.57,202.68,18.253,36.428,1
42,11,964.68,202.86,18.368,36.905,1
43,11,963.6,203.03,18.365,37.198,1
44,11,962.03,203,18.414,37.25,1
45,11,960.66,203.04,18.448,37.352,1
46,11,960.1,203.19,18.444,37.198,1
47,11,960.31,203.22,18.457,37.228,1
48,11,960.21,203.25,18.4,37.252,1
49,11,960.01,203.27,18.394,37.341,1
50,11,956,195,21,50,1
10,12,1061,56,23,55,1
11,12,1070.6,63.193,12.975,41.907,1
12,12,1071.8,63.317,13.066,41.918,1
13,12,1072.8,63.505,13.192,41.867,1
14,12,1073.2,63.75,13.044,41.877,1
15,12,1074,64.249,13.059,41.766,1
16,12,1074.7,64.036,13.016,41.817,1
17,12,1075.5,63.686,13.014,41.878,1
18,12,1077.1,63.551,13.136,41.84,1
19,12,1079.2,63.336,13.125,41.88,1
21,12,1080.5,62.947,13.22,41.825,1
22,12,1079.1,63.163,13.337,41.75,1
23,12,1077.2,62.862,13.624,41.784,1
24,12,1075.9,62.293,13.878,41.668,1
25,12,1074.1,61.731,14.026,41.667,1
26,12,1071.2,61.471,14.147,41.673,1
27,12,1068.7,61.244,14.628,41.617,1
28,12,1067.8,60.762,14.76,41.676,1
29,12,1067.3,60.717,15.139,41.56,1
31,12,1066.2,60.951,15.831,41.505,1
32,12,1065.9,61.058,16.03,41.446,1
33,12,1065.2,61.108,16.39,41.409,1
34,12,1064.7,61.52,16.728,41.291,1
35,12,1065.1,61.754,16.91,41.362,1
36,12,1065,61.649,17.161,41.28,1
37,12,1064,61.494,17.301,41.224,1
38,12,1062.3,61.478,17.901,41.226,1
39,12,1060.8,61.704,18.332,41.151,1
41,12,1057.3,61.635,19,41.081,1
42,12,1056.4,61.64,19.486,41.048,1
43,12,1055.1,61.556,19.992,41.003,1
44,12,1053.4,61.386,20.416,40.931,1
45,12,1051.9,61.24,20.77,40.908,1
46,12,1051.2,60.953,21.187,40.822,1
47,12,1051.2,60.61,21.613,40.812,1
48,12,1050.8,60.334,22.062,40.785,1
49,12,1050.5,60.13,22.417,40.54,1
40,13,996,167,21,50,1
41,13,993.09,169.89,15.371,46.156,1
42,13,992.34,169.93,15.366,46.43,1
43,13,991.31,169.9,15.357,46.71,1
44,13,989.75,169.66,15.394,46.944,1
45,13,988.46,169.67,15.332,46.893,1
46,13,987.89,169.48,15.281,47.164,1
47,13,988.17,169.47,15.223,47.037,1
48,13,988.11,169.4,15.232,47.071,1
49,13,987.84,169.41,15.144,47.182,1
7,-1,1016.9,152.05,16.26,42.516,0
7,-1,1015.9,151.91,16.378,42.681,0
7,-1,1014.9,151.72,16.412,42.753,0
7,-1,1014.7,151.63,16.439,42.779,0
7,-1,1014.5,151.4,16.39,42.932,0
7,-1,1013.6,151.75,16.46,43.129,0
7,-1,1004,159,21,50,0
7,-1,1012,147,21,50,0
7,-1,1010.4,154.68,18.041,38.956,0
7,-1,1009.7,155,18.09,39.243,0
7,-1,1009,155.42,18.092,39.515,0
7,-1,1008.4,155.65,18.095,39.673,0
7,-1,1007.8,155.75,18.075,39.939,0
7,-1,1007.5,156.54,18.029,40.311,0
7,-1,1007.5,157.34,18.02,40.864,0
7,-1,1007.5,158.08,17.987,41.018,0
7,-1,1007.5,158.73,17.956,41.299,0
8,-1,808,273,27,65,0
8,-1,808.99,275.87,24.54,59.905,0
8,-1,810.71,276.13,24.696,59.89,0
8,-1,811.03,276.53,24.754,59.561,0
8,-1,808,273,27,65,0
8,-1,806.88,277.19,24.618,59.531,0
8,-1,806.52,277.28,24.701,59.479,0
8,-1,806.26,277.23,24.684,59.509,0
8,-1,806.08,276.23,24.81,59.806,0
8,-1,804.93,275.4,24.999,59.832,0
8,-1,802.81,275.18,25.222,60.003,0
8,-1,800.45,275.21,25.323,60.077,0
8,-1,798.19,275.41,25.54,60.233,0
8,-1,796.19,275.5,25.948,60.4,0
8,-1,795,270,32,77,0
8,-1,795.38,270.32,26.318,68.824,0
8,-1,794.06,269.99,26.899,69.146,0
8,-1,792.71,269.75,27.421,69.784,0
8,-1,791.31,269.77,27.79,70.357,0
8,-1,790.37,269.77,27.885,70.766,0
8,-1,789.68,270.02,27.949,71.118,0
8,-1,788.7,270.39,27.93,71.005,0
8,-1,787.55,270.91,27.783,70.786,0
8,-1,786.61,271.41,27.894,70.652,0
8,-1,787,278,27,65,0
8,-1,787.06,283.24,24.434,55.607,0
8,-1,785.77,284.33,24.547,55.199,0
8,-1,784.54,285.29,24.586,54.878,0
8,-1,783.23,286.01,24.783,54.79,0
8,-1,782.98,286.16,24.903,54.818,0
8,-1,783.44,285.91,24.99,55.004,0
8,-1,783.28,285.6,25.07,55.116,0
8,-1,782.7,285.4,25.232,55.259,0
8,-1,782.22,285.01,25.25,55.533,0
8,-1,785,280,25,59,0
8,-1,784.45,279.83,23.474,57.635,0
8,-1,783.89,279.15,23.498,58.166,0
8,-1,783.68,278.19,23.418,58.404,0
8,-1,783.65,277.42,23.173,58.866,0
8,-1,782.74,276.68,23.264,59.196,0
8,-1,781.5,276.31,23.202,59.172,0
8,-1,780.5,276.3,22.987,58.928,0
8,-1,779.22,276.37,22.854,58.445,0
8,-1,777.88,276.62,22.771,57.77,0
8,-1,770,270,32,77,0
8,-1,768.52,270.99,29.322,71.732,0
8,-1,767.5,271.37,29.582,72.326,0
8,-1,766.65,271.88,30.158,72.488,0
8,-1,765.73,272.53,30.677,72.727,0
8,-1,764.62,273.13,31.386,72.537,0
8,-1,764.82,273.38,31.944,72.818,0
8,-1,764.82,273.55,32.769,72.951,0
8,-1,763.65,274.38,33.754,73.108,0
8,-1,762.03,275.41,34.441,73.222,0
8,-1,770,276,32,77,0
8,-1,770.84,277.08,27.099,74.176,0
8,-1,770.95,277.53,27.256,74.308,0
8,-1,771.21,277.79,27.362,74.271,0
8,-1,770.73,278.23,27.459,74.226,0
8,-1,770.17,278.92,27.456,73.68,0
8,-1,770,279.64,27.663,73.236,0
8,-1,769.9,280.24,27.924,72.646,0
8,-1,769.45,280.78,28.069,71.883,0
8,-1,768.46,281.42,28.423,71.017,0
8,-1,770,276,32,77,0
8,-1,767.33,282.44,21.609,63.839,0
8,-1,765.73,282.85,21.761,63.724,0
8,-1,764.3,283.05,21.835,63.916,0
8,-1,762.88,283.1,21.785,64.132,0
8,-1,761.34,283.08,21.953,64.411,0
8,-1,759.8,282.79,21.966,64.859,0
8,-1,759.07,282.45,21.956,65.293,0
8,-1,758.5,281.95,21.949,65.912,0
8,-1,757.43,282.03,21.906,66.399,0
8,-1,752,283,32,77,0
8,-1,752.1,284.6,24.458,75.192,0
8,-1,751.28,285.27,24.383,75.861,0
8,-1,750.33,286.01,24.322,76.298,0
8,-1,749.5,286.75,24.161,76.308,0
8,-1,748.76,287.53,23.875,75.781,0
8,-1,748.14,289,23.634,74.951,0
8,-1,747.75,290.37,23.552,74.587,0
8,-1,747.4,291.52,23.504,74.715,0
8,-1,746.93,292.51,23.479,75.126,0
9,-1,462,23,32,77,0
9,-1,464.88,30.104,27.813,68.186,0
9,-1,467.08,29.621,27.761,68.164,0
9,-1,467.94,29.122,27.891,68.181,0
9,-1,465.58,28.8,27.989,68.239,0
9,-1,465.44,28.815,27.696,68.241,0
9,-1,465.44,28.56,27.695,68.188,0
9,-1,465.38,27.302,27.781,68.216,0
9,-1,464.93,25.893,27.584,68.404,0
9,-1,462.97,25.188,28.166,68.199,0
9,-1,461.41,25.008,27.779,68.261,0
9,-1,459.37,25.238,28.033,68.063,0
9,-1,457.78,25.436,27.842,68.303,0
9,-1,457,21,30,71,0
9,-1,463.28,21.703,19.369,58.898,0
9,-1,462.77,21.447,19.459,58.873,0
9,-1,462.18,21.204,19.356,58.891,0
9,-1,461.25,21.22,19.395,58.837,0
9,-1,460.92,21.176,19.348,58.852,0
9,-1,460.57,21.066,19.382,58.968,0
9,-1,460.19,21.024,19.306,58.994,0
9,-1,459.38,21.022,19.361,58.866,0
9,-1,458.9,20.999,19.386,59.023,0
9,-1,458.65,21.288,19.423,23.904,0
9,-1,458.04,21.766,19.352,23.755,0
9,-1,457.26,22.316,19.342,23.453,0
9,-1,456.54,22.559,19.353,23.077,0
9,-1,457.06,22.295,19.36,22.594,0
9,-1,458.07,21.781,19.379,22.147,0
9,-1,458.68,21.409,19.383,21.641,0
9,-1,458.99,20.744,19.304,21.204,0
9,-1,459,20.308,19.287,20.738,0
9,-1,458.83,19.504,19.322,19.913,0
9,-1,458.31,18.99,19.293,19.572,0
9,-1,458.17,18.266,19.418,19.161,0
9,-1,458.26,17.266,19.428,18.859,0
9,-1,457.92,16.257,19.52,18.52,0
9,-1,457.02,15.141,19.492,18.405,0
9,-1,456.29,14.533,19.601,18.134,0
9,-1,455.26,14.154,19.636,17.917,0
9,-1,454.22,13.545,19.707,17.846,0
9,-1,453.54,12.535,19.885,17.636,0
9,-1,453.4,12.274,19.905,17.537,0
9,-1,453.37,12.016,19.938,17.541,0
9,-1,453.33,12.275,19.978,17.501,0
9,-1,453.09,12.531,19.939,17.574,0
9,-1,454.36,12.742,19.97,17.48,0
9,-1,455.45,12.878,19.99,17.468,0
9,-1,455.87,13.512,19.945,17.357,0
9,-1,455.6,14.274,19.966,17.296,0
9,-1,454.7,15.264,19.882,17.242,0
9,-1,455.36,15.482,19.941,17.222,0
9,-1,456.27,15.416,19.963,17.204,0
9,-1,456.19,15.324,19.961,17.221,0
9,-1,456.1,15.488,19.96,17.136,0
9,-1,456.58,15.481,19.97,17.117,0
9,-1,457.35,15.49,19.966,17.096,0
9,-1,457.67,15.31,19.966,17.056,0
9,-1,457.66,15.039,19.982,17.058,0
9,-1,457.19,14.35,19.982,16.985,0
9,-1,456.66,14.274,19.983,16.948,0
9,-1,456.18,14.205,20.029,16.936,0
9,-1,455.88,13.764,19.921,16.927,0
9,-1,455.2,13.51,19.882,16.905,0
9,-1,454.44,13.258,19.863,16.885,0
9,-1,454.44,12.925,19.791,16.869,0
9,-1,454.54,12.461,19.781,16.932,0
9,-1,454.19,12.453,19.641,16.972,0
10,-1,592,416,35,84,0
10,-1,592.41,418.78,32.228,74.516,0
10,-1,595.43,417.85,32.321,74.795,0
10,-1,597.01,417.13,32.487,74.763,0
10,-1,598,412,32,77,0
10,-1,598.21,416.84,29.689,70.224,0
10,-1,599.29,416.76,29.937,70.073,0
10,-1,600.45,416.05,30.294,70.283,0
10,-1,601.84,414.54,30.402,70.271,0
10,-1,602.31,412.99,30.578,70.198,0
10,-1,601.83,411.49,30.68,70.351,0
10,-1,600.99,410.7,30.872,70.155,0
10,-1,600.38,410.18,30.998,69.565,0
10,-1,600.21,409.55,31.109,68.896,0
10,-1,593,402,39,92,0
10,-1,593.71,406.45,38.063,81.089,0
10,-1,593.75,405.43,38.755,81.574,0
10,-1,593.59,404.98,39.462,81.886,0
10,-1,593.52,404.59,39.855,82.038,0
10,-1,593.97,404.1,42.327,82.106,0
10,-1,594.64,403.85,44.362,82.012,0
10,-1,595.03,403.71,45.925,82.091,0
10,-1,595.17,403.5,46.588,82.153,0
10,-1,595.86,403.51,46.241,81.982,0
10,-1,605,403,35,84,0
10,-1,610.25,405.45,27.847,69.646,0
10,-1,610.74,405.41,27.769,69.128,0
10,-1,611.64,405.22,27.459,68.516,0
10,-1,612.53,404.81,27.402,68.348,0
10,-1,613.89,403.62,27.571,69.056,0
10,-1,616.06,402.52,27.857,69.49,0
10,-1,617.86,401.21,27.863,70.379,0
10,-1,618.91,399.96,27.923,71.459,0
10,-1,619.94,398.97,28.02,71.711,0
10,-1,619,396,35,84,0
10,-1,622.74,396.75,31.555,71.252,0
10,-1,623.88,396.07,31.336,71.319,0
10,-1,625.27,394.84,31.052,71.611,0
10,-1,626.57,393.74,30.96,71.601,0
10,-1,627.18,392.37,31.065,71.729,0
10,-1,627.19,390.89,31.329,71.832,0
10,-1,627.56,389.6,31.379,71.761,0
10,-1,628.32,388.42,30.954,71.18,0
10,-1,628.68,387.15,30.76,70.549,0
10,-1,622,381,32,77,0
10,-1,624.32,383.99,29.35,68.237,0
10,-1,625.02,383.03,29.693,68.357,0
10,-1,625.91,382.27,29.804,69.391,0
10,-1,626.91,382.05,29.983,70.022,0
10,-1,627.91,381.92,29.635,70.318,0
10,-1,629.86,381.93,29.705,69.922,0
10,-1,631.54,382.11,29.936,69.468,0
10,-1,632.18,382.76,30.069,69.157,0
10,-1,632.29,383.49,30.117,68.924,0
10,-1,635,381,32,77,0
10,-1,638.51,385.76,27.48,69.082,0
10,-1,640.29,385.76,27.232,68.576,0
10,-1,642.5,385.09,26.847,69.278,0
10,-1,644.1,384.33,26.313,70.02,0
10,-1,645.59,383.72,25.828,70.575,0
10,-1,647.29,382.94,25.622,71.102,0
10,-1,649.27,382.02,25.589,72.084,0
10,-1,650.75,381.18,25.5,72.729,0
10,-1,651.71,380.5,25.54,72.856,0
10,-1,647,375,32,77,0
10,-1,649.77,377.77,27.893,68.488,0
10,-1,649.96,377.47,28.356,68.556,0
10,-1,650.2,377.12,28.446,68.639,0
10,-1,650.49,376.61,28.677,68.65,0
10,-1,650.68,375.91,28.982,68.974,0
10,-1,650.89,375.12,29.397,69.037,0
10,-1,651.72,374.08,29.779,68.998,0
10,-1,653.11,372.95,29.771,68.688,0
10,-1,653.84,372.17,29.698,67.884,0
10,-1,653,369,35,84,0
10,-1,652.95,372.49,34.272,74.11,0
10,-1,652.99,372.14,35.056,74.168,0
10,-1,653,371.71,36.598,75.099,0
10,-1,653.38,371.46,38.558,75.666,0
10,-1,653.94,371.31,40.046,75.318,0
10,-1,654.52,371.75,40.828,74.811,0
10,-1,655.31,372.3,41.541,74.506,0
10,-1,656.36,372.79,42.212,74.166,0
10,-1,657.26,373.1,42.114,73.879,0
11,-1,976,171,21,50,0
11,-1,987,169,23,55,0
11,-1,984.09,172.27,21.286,48.513,0
11,-1,983.42,171.82,21.286,48.739,0
11,-1,983.25,171.39,21.228,48.935,0
11,-1,983,170.02,21.169,49.208,0
11,-1,981.96,168.99,21.11,49.251,0
11,-1,979.8,168.64,21.067,49.46,0
11,-1,977.52,168.68,20.914,49.688,0
11,-1,975.28,168.78,20.918,49.657,0
11,-1,973.31,168.96,20.952,49.584,0
11,-1,975,165,25,59,0
11,-1,972.89,169.03,23.226,50.412,0
11,-1,971.87,169.06,23.266,50.537,0
11,-1,970.88,169.07,23.284,50.623,0
11,-1,969.72,169.18,23.308,50.858,0
11,-1,968.76,169.19,23.284,51.02,0
11,-1,968.19,169.33,23.292,51.15,0
11,-1,967.28,169.51,23.286,51.225,0
11,-1,966.02,169.5,23.273,51.335,0
11,-1,965.25,169.44,23.197,51.495,0
11,-1,952,167,21,50,0
11,-1,951.43,173.77,18.927,36.021,0
11,-1,950.27,174.24,19.091,36.171,0
11,-1,949.12,174.49,19.169,36.158,0
11,-1,948.14,174.7,19.332,36.296,0
11,-1,948.18,174.7,19.352,36.47,0
11,-1,948.96,174.34,19.547,36.475,0
11,-1,949.25,174.24,19.438,36.44,0
11,-1,948.97,173.97,19.515,36.51,0
11,-1,948.74,173.65,19.527,36.473,0
11,-1,948,167,21,50,0
11,-1,948.51,173.25,14.116,35.744,0
11,-1,947.93,172.56,14.119,35.809,0
11,-1,947.69,171.52,14.124,35.92,0
11,-1,947.7,170.55,14.105,36.08,0
11,-1,947.02,169.66,14.127,36.197,0
11,-1,945.87,168.87,14.131,36.502,0
11,-1,944.85,168.58,14.134,36.528,0
11,-1,943.6,168.03,14.107,36.743,0
11,-1,942.37,167.59,14.096,36.888,0
11,-1,941.22,167.08,14.065,36.859,0
11,-1,940.56,167.04,14.059,36.8,0
11,-1,940.32,167.19,14.073,36.772,0
11,-1,939.79,167.46,14.108,36.638,0
11,-1,939.25,167.91,14.164,36.506,0
11,-1,940.13,168.33,14.236,36.531,0
11,-1,940.85,168.59,14.299,36.701,0
11,-1,940.4,169.74,14.386,36.83,0
11,-1,939.36,171.1,14.453,36.932,0
11,-1,936,163,21,50,0
11,-1,934.34,170.82,16.766,39.013,0
11,-1,934.56,171.13,16.929,39.065,0
11,-1,934.76,170.9,17.021,39.473,0
11,-1,934.3,170.99,17.13,39.716,0
11,-1,933.74,171.08,17.201,40.022,0
11,-1,933.93,171.16,17.322,40.348,0
11,-1,934.31,171.15,17.408,40.466,0
11,-1,934.35,171,17.442,40.722,0
11,-1,933.96,170.78,17.563,40.8,0
11,-1,920,179,21,50,0
11,-1,922.1,181.91,14.345,41.479,0
11,-1,921.24,181.94,14.303,41.474,0
11,-1,920.36,181.97,14.366,41.473,0
11,-1,919.57,181.94,14.423,41.517,0
11,-1,918.52,181.88,14.537,41.617,0
11,-1,917.58,181.69,14.514,41.565,0
11,-1,917,181.54,14.581,41.54,0
11,-1,916.73,181.24,14.688,41.823,0
11,-1,915.7,181.42,14.752,41.879,0
11,-1,914,182.32,14.88,42.379,0
11,-1,913.31,182.5,14.958,42.71,0
11,-1,912.55,182.97,15.071,43.104,0
11,-1,911.88,183.34,15.199,43.272,0
11,-1,911.31,183.56,15.282,43.603,0
11,-1,910.91,184.53,15.267,43.628,0
11,-1,910.78,185.54,15.312,43.696,0
11,-1,910.89,186.54,15.147,43.746,0
11,-1,910.84,187.39,15.225,43.894,0
12,-1,776,207,21,50,0
12,-1,773.27,213.4,17.376,42.063,0
12,-1,772,213.31,17.435,41.806,0
12,-1,770.74,213.05,17.526,41.878,0
12,-1,769.32,213.1,17.551,41.872,0
12,-1,768.24,212.83,17.6,42.202,0
12,-1,767.31,212.78,17.704,42.655,0
12,-1,766.13,212.88,17.755,43.105,0
12,-1,764.65,212.92,17.877,43.418,0
12,-1,763.72,213.18,17.859,43.467,0
12,-1,760,230,23,55,0
12,-1,764,209,23,55,0
12,-1,763.07,213.78,16.917,48.562,0
12,-1,761.73,214.54,17.05,48.541,0
12,-1,760.32,215.27,17.224,48.423,0
12,-1,759.15,215.65,17.213,48.584,0
12,-1,758.89,215.72,17.264,48.763,0
12,-1,759.43,215.52,17.116,48.936,0
12,-1,759.37,215.2,16.986,49.29,0
12,-1,758.93,214.7,16.683,49.884,0
12,-1,758.5,214.36,16.345,50.531,0
12,-1,747,207,35,84,0
12,-1,745.77,212.82,34.049,73.394,0
12,-1,744.94,212.06,34.043,73.593,0
12,-1,744.38,211.06,34.141,73.647,0
12,-1,744,210.11,34.057,73.784,0
12,-1,743,209.14,33.932,73.993,0
12,-1,741.53,208.53,34.021,74.077,0
12,-1,740.2,208.18,34.095,74.351,0
12,-1,738.54,207.74,34.161,74.739,0
12,-1,736.96,207.79,34.132,74.843,0
12,-1,739,202,32,77,0
12,-1,738.61,207.77,26.216,69.626,0
12,-1,737.6,208.05,26.228,69.968,0
12,-1,736.99,208.26,26.192,70.486,0
12,-1,736.31,208.66,26.107,71.023,0
12,-1,735.55,209.08,25.982,71.715,0
12,-1,736.2,209.3,25.848,72.328,0
12,-1,736.72,209.47,25.705,72.844,0
12,-1,736.12,210.35,25.653,73.062,0
12,-1,734.84,211.33,25.782,73.325,0
12,-1,733,207,35,84,0
12,-1,731.64,212.66,30.651,78.155,0
12,-1,731.65,212.93,30.735,78.177,0
12,-1,731.67,212.91,31.118,78.222,0
12,-1,730.95,212.92,31.549,78.379,0
12,-1,730.27,213.17,31.651,78.636,0
12,-1,730.24,213.37,31.632,78.905,0
12,-1,730.56,213.59,31.561,79.217,0
12,-1,730.44,213.63,31.386,79.507,0
12,-1,729.86,213.84,31.15,79.64,0
12,-1,727,221,32,77,0
12,-1,725.38,221.96,26.857,72.163,0
12,-1,724.23,222.05,26.82,72.084,0
12,-1,722.88,222.04,27.096,71.952,0
12,-1,721.51,221.78,27.368,72.002,0
12,-1,720.13,221.46,27.483,72.391,0
12,-1,718.59,221.07,27.785,72.95,0
12,-1,717.52,220.67,28.067,73.597,0
12,-1,716.7,220.29,28.528,74.293,0
12,-1,715.4,220.26,28.976,74.558,0
12,-1,714,232,27,65,0
12,-1,721,208,32,77,0
12,-1,719.02,213.33,22.834,72.042,0
12,-1,718.2,213.9,22.709,72.457,0
12,-1,717.25,214.57,22.684,73.02,0
12,-1,716.29,214.94,22.581,73.807,0
12,-1,715.38,215.41,22.482,74.405,0
12,-1,714.67,216.54,22.403,74.511,0
12,-1,714.14,217.59,22.437,74.2,0
12,-1,713.73,218.62,22.546,74.009,0
12,-1,713.32,219.37,22.651,74.308,0
13,-1,1088,167,21,50,0
13,-1,1087.9,167.37,17.775,45.544,0
13,-1,1087.7,166.41,17.782,45.477,0
13,-1,1087.7,165.12,17.832,45.566,0
13,-1,1087.8,164.27,18.027,45.463,0
13,-1,1087.4,163.3,18.133,45.415,0
13,-1,1086.3,162.38,18.273,45.612,0
13,-1,1085.4,162.07,18.397,45.514,0
13,-1,1084.3,161.25,18.504,45.752,0
13,-1,1083.1,160.61,18.678,45.85,0
13,-1,1082.2,160.01,19.078,45.625,0
13,-1,1081.8,159.73,19.23,45.693,0
13,-1,1081.7,159.78,19.357,45.641,0
13,-1,1081.4,159.82,19.592,45.67,0
13,-1,1081.1,160.21,19.638,45.443,0
13,-1,1082.4,160.54,19.889,45.579,0
13,-1,1083.3,160.73,20.018,45.591,0
13,-1,1083.3,161.95,20.142,45.52,0
13,-1,1082.5,163.37,20.264,45.584,0
13,-1,1081.3,164.3,20.497,45.555,0
13,-1,1081.9,164.52,20.776,45.552,0
13,-1,1082.6,164.48,20.903,45.468,0
13,-1,1082.4,164.43,21.063,45.506,0
13,-1,1082.3,164.39,21.194,45.544,0
13,-1,1082.8,164.59,21.337,45.372,0
13,-1,1083.6,164.46,21.361,45.487,0
13,-1,1083.9,164.05,21.429,45.473,0
13,-1,1084,163.95,21.419,45.52,0
13,-1,1083.1,163.47,21.502,45.369,0
13,-1,1082.6,163.38,21.643,45.36,0
13,-1,1082,163.16,21.68,45.481,0
13,-1,1081.5,162.98,21.746,45.623,0
13,-1,1080.8,162.46,21.813,45.826,0
13,-1,1080.1,162.25,21.872,45.691,0
13,-1,1079.9,161.82,22.011,45.818,0
13,-1,1079.9,161.53,22.031,45.76,0
13,-1,1079.2,161.71,22.249,45.806,0
13,-1,1078.1,162.52,22.59,45.641,0
13,-1,1077.7,162.7,22.766,45.658,0
13,-1,1077.2,163.16,22.995,45.59,0
13,-1,1076.8,163.36,23.18,45.668,0
13,-1,1076.4,163.55,23.316,45.662,0
13,-1,1076.2,164.34,23.425,45.636,0
13,-1,1076.3,165.14,23.539,45.559,0
13,-1,1076.6,166.02,23.651,45.581,0
13,-1,1076.8,166.59,23.785,45.671,0
14,-1,968,159,27,65,0
14,-1,969.08,160.2,23.365,61.666,0
14,-1,968.44,159.41,23.369,62.002,0
14,-1,968.27,158.45,23.36,61.83,0
14,-1,968.2,157.61,23.312,61.948,0
14,-1,967.48,156.93,23.194,61.857,0
14,-1,966.38,156.36,23.184,62.055,0
14,-1,965.37,156,23.222,62.068,0
14,-1,964.1,155.5,23.305,62.038,0
14,-1,962.79,155.14,23.45,62.084,0
14,-1,968,147,32,77,0
14,-1,966.93,147.96,30.807,66.991,0
14,-1,966.31,147.86,30.848,67.141,0
14,-1,966.1,147.95,30.856,67.148,0
14,-1,965.61,148.27,30.93,67.137,0
14,-1,965.1,148.86,31.048,67.084,0
14,-1,965.91,149.34,31.337,67.227,0
14,-1,966.62,149.76,31.44,67.413,0
14,-1,966.36,151.16,31.522,67.506,0
14,-1,965.52,152.76,31.547,67.583,0
14,-1,968,147,32,77,0
14,-1,966.14,152,31.173,70.893,0
14,-1,966.48,152.35,31.303,71.126,0
14,-1,966.76,152.26,31.527,71.282,0
14,-1,966.23,152.17,31.707,71.367,0
14,-1,965.65,152.13,31.899,71.536,0
14,-1,965.82,152.15,31.99,71.945,0
14,-1,966.05,151.94,32.375,72.355,0
14,-1,966.03,151.68,32.403,72.588,0
14,-1,965.53,151.53,32.483,72.858,0
14,-1,968,153,32,77,0
14,-1,966.53,153.65,29.788,69.586,0
14,-1,965.49,153.95,30.006,69.469,0
14,-1,964.42,154,30.245,69.639,0
14,-1,963.53,154.23,30.322,69.683,0
14,-1,962.52,154.14,30.4,70.015,0
14,-1,961.44,154.12,30.518,70.029,0
14,-1,961.01,154.09,30.532,70.034,0
14,-1,960.72,153.83,30.593,70.118,0
14,-1,959.78,154.07,30.604,69.93,0
14,-1,956,147,35,84,0
14,-1,954.7,151.92,33.326,72.432,0
14,-1,954.27,151.98,33.022,72.701,0
14,-1,953.64,152.23,32.923,73.151,0
14,-1,953.09,152.38,32.917,73.448,0
14,-1,952.53,152.46,32.916,73.797,0
14,-1,952.18,153.23,32.879,74.243,0
14,-1,951.99,154.27,32.9,74.403,0
14,-1,951.98,155.14,32.971,74.536,0
14,-1,951.9,155.96,32.972,74.764,0
15,-1,936,163,21,50,0
15,-1,936.45,169.07,14.99,41.825,0
15,-1,935.54,169.12,14.89,41.665,0
15,-1,934.72,169.02,14.738,41.578,0
15,-1,933.99,168.88,14.642,41.613,0
15,-1,933.06,168.67,14.599,41.694,0
15,-1,932.1,168.47,14.522,41.571,0
15,-1,931.59,168.21,14.643,41.599,0
15,-1,931.41,167.8,14.57,41.833,0
15,-1,930.45,168.02,14.573,41.744,0
15,-1,928.88,169.01,14.553,41.864,0
15,-1,928.27,169.35,14.549,41.942,0
15,-1,927.62,169.81,14.703,42.05,0
15,-1,927.08,170.11,14.626,42.156,0
15,-1,926.59,170.38,14.656,42.177,0
15,-1,926.17,171.36,14.569,42.139,0
15,-1,926.09,172.2,14.568,42.34,0
15,-1,926.03,173.06,14.618,42.497,0
15,-1,926.06,173.67,14.733,42.823,0
16,-1,1084,55,21,50,0
16,-1,1085.4,57.46,10.343,41.953,0
16,-1,1085.4,57.674,10.306,42.022,0
16,-1,1085.2,58.186,10.347,42.076,0
16,-1,1085.3,58.412,10.275,42.031,0
16,-1,1085.2,58.537,10.307,42.092,0
16,-1,1085.4,59.342,10.299,42.041,0
16,-1,1085.8,60.155,10.296,42.071,0
16,-1,1086.5,60.869,10.185,42.055,0
16,-1,1087.1,61.655,10.216,42.046,0
